11.547 21.4235 2.03254 9.60454 4.21947 4.80063 0.681002 0.927498 3 3
-20.1498 -16.3732 2.88763 9.30559 4.06243 4.65949 -3.03879 0.91754 3 4
-18.3416 17.3675 1.65084 8.92278 3.91717 4.8566 -3.01328 0.893523 3 5
-19.2624 10.7014 1.85644 9.61341 3.97356 4.3345 -3.0364 0.864937 3 6
-20.0593 -2.20097 2.33232 9.59925 3.87655 4.61501 -3.10422 0.886837 3 7
27.1022 69.5217 4.3208 8.40998 3.60587 4.37112 -2.80403 0.443329 3 8
15.1593 5.55397 2.66095 11.3671 4.33476 5.08058 -2.98921 0.811603 8 9
11.547 21.4235 0 0 0 0 0 0 0 3
11.5513 21.3978 0 0 0 0 0 0 0 3
11.5555 21.3721 0 0 0 0 0 0 0 3
11.5599 21.3464 0 0 0 0 0 0 0 3
11.5643 21.3207 0 0 0 0 0 0 0 3
11.5688 21.295 0 0 0 0 0 0 0 3
11.5734 21.2694 0 0 0 0 0 0 0 3
11.578 21.2437 0 0 0 0 0 0 0 3
11.5827 21.2181 0 0 0 0 0 0 0 3
11.5875 21.1925 0 0 0 0 0 0 0 3
11.5923 21.1669 0 0 0 0 0 0 0 3
11.5972 21.1413 0 0 0 0 0 0 0 3
11.6021 21.1157 0 0 0 0 0 0 0 3
11.6072 21.0901 0 0 0 0 0 0 0 3
11.6122 21.0646 0 0 0 0 0 0 0 3
11.6174 21.039 0 0 0 0 0 0 0 3
11.6226 21.0135 0 0 0 0 0 0 0 3
11.6279 20.988 0 0 0 0 0 0 0 3
11.6332 20.9625 0 0 0 0 0 0 0 3
11.6387 20.937 0 0 0 0 0 0 0 3
11.6441 20.9115 0 0 0 0 0 0 0 3
-20.1498 -16.3732 0 0 0 0 0 0 0 4
-20.1264 -16.3847 0 0 0 0 0 0 0 4
-20.103 -16.3962 0 0 0 0 0 0 0 4
-20.0796 -16.4075 0 0 0 0 0 0 0 4
-20.0561 -16.4188 0 0 0 0 0 0 0 4
-20.0326 -16.43 0 0 0 0 0 0 0 4
-20.009 -16.4411 0 0 0 0 0 0 0 4
-19.9854 -16.4521 0 0 0 0 0 0 0 4
-19.9618 -16.463 0 0 0 0 0 0 0 4
-19.9381 -16.4739 0 0 0 0 0 0 0 4
-19.9144 -16.4846 0 0 0 0 0 0 0 4
-19.8906 -16.4953 0 0 0 0 0 0 0 4
-19.8668 -16.5059 0 0 0 0 0 0 0 4
-19.843 -16.5164 0 0 0 0 0 0 0 4
-19.8191 -16.5268 0 0 0 0 0 0 0 4
-19.7952 -16.5371 0 0 0 0 0 0 0 4
-19.7713 -16.5474 0 0 0 0 0 0 0 4
-19.7473 -16.5575 0 0 0 0 0 0 0 4
-19.7232 -16.5676 0 0 0 0 0 0 0 4
-19.6992 -16.5776 0 0 0 0 0 0 0 4
-19.6751 -16.5875 0 0 0 0 0 0 0 4
-18.3416 17.3675 0 0 0 0 0 0 0 5
-18.3503 17.3388 0 0 0 0 0 0 0 5
-18.359 17.3102 0 0 0 0 0 0 0 5
-18.3675 17.2815 0 0 0 0 0 0 0 5
-18.376 17.2527 0 0 0 0 0 0 0 5
-18.3845 17.224 0 0 0 0 0 0 0 5
-18.3928 17.1952 0 0 0 0 0 0 0 5
-18.4011 17.1664 0 0 0 0 0 0 0 5
-18.4093 17.1376 0 0 0 0 0 0 0 5
-18.4175 17.1088 0 0 0 0 0 0 0 5
-18.4255 17.0799 0 0 0 0 0 0 0 5
-18.4335 17.0511 0 0 0 0 0 0 0 5
-18.4414 17.0222 0 0 0 0 0 0 0 5
-18.4493 16.9933 0 0 0 0 0 0 0 5
-18.4571 16.9643 0 0 0 0 0 0 0 5
-18.4648 16.9354 0 0 0 0 0 0 0 5
-18.4724 16.9064 0 0 0 0 0 0 0 5
-18.48 16.8774 0 0 0 0 0 0 0 5
-18.4875 16.8484 0 0 0 0 0 0 0 5
-18.4949 16.8194 0 0 0 0 0 0 0 5
-18.5023 16.7904 0 0 0 0 0 0 0 5
-19.2624 10.7014 0 0 0 0 0 0 0 6
-19.2543 10.6832 0 0 0 0 0 0 0 6
-19.2461 10.665 0 0 0 0 0 0 0 6
-19.2379 10.6468 0 0 0 0 0 0 0 6
-19.2297 10.6287 0 0 0 0 0 0 0 6
-19.2214 10.6106 0 0 0 0 0 0 0 6
-19.213 10.5925 0 0 0 0 0 0 0 6
-19.2046 10.5744 0 0 0 0 0 0 0 6
-19.1961 10.5564 0 0 0 0 0 0 0 6
-19.1876 10.5384 0 0 0 0 0 0 0 6
-19.179 10.5204 0 0 0 0 0 0 0 6
-19.1704 10.5025 0 0 0 0 0 0 0 6
-19.1617 10.4845 0 0 0 0 0 0 0 6
-19.153 10.4666 0 0 0 0 0 0 0 6
-19.1442 10.4488 0 0 0 0 0 0 0 6
-19.1353 10.4309 0 0 0 0 0 0 0 6
-19.1264 10.4131 0 0 0 0 0 0 0 6
-19.1174 10.3953 0 0 0 0 0 0 0 6
-19.1084 10.3775 0 0 0 0 0 0 0 6
-19.0994 10.3598 0 0 0 0 0 0 0 6
-19.0902 10.3421 0 0 0 0 0 0 0 6
-20.0593 -2.20097 0 0 0 0 0 0 0 7
-20.1196 -2.21872 0 0 0 0 0 0 0 7
-20.1798 -2.23664 0 0 0 0 0 0 0 7
-20.24 -2.25471 0 0 0 0 0 0 0 7
-20.3001 -2.27294 0 0 0 0 0 0 0 7
-20.3602 -2.29134 0 0 0 0 0 0 0 7
-20.4202 -2.30989 0 0 0 0 0 0 0 7
-20.4802 -2.3286 0 0 0 0 0 0 0 7
-20.5401 -2.34748 0 0 0 0 0 0 0 7
-20.6 -2.36651 0 0 0 0 0 0 0 7
-20.6599 -2.3857 0 0 0 0 0 0 0 7
-20.7196 -2.40505 0 0 0 0 0 0 0 7
-20.7794 -2.42456 0 0 0 0 0 0 0 7
-20.839 -2.44423 0 0 0 0 0 0 0 7
-20.8987 -2.46406 0 0 0 0 0 0 0 7
-20.9582 -2.48405 0 0 0 0 0 0 0 7
-21.0177 -2.50419 0 0 0 0 0 0 0 7
-21.0772 -2.5245 0 0 0 0 0 0 0 7
-21.1366 -2.54496 0 0 0 0 0 0 0 7
-21.196 -2.56558 0 0 0 0 0 0 0 7
-21.2553 -2.58636 0 0 0 0 0 0 0 7
27.1022 69.5217 0 0 0 0 0 0 0 8
27.0921 69.4659 0 0 0 0 0 0 0 8
27.0822 69.41 0 0 0 0 0 0 0 8
27.0725 69.3541 0 0 0 0 0 0 0 8
27.0628 69.2982 0 0 0 0 0 0 0 8
27.0533 69.2423 0 0 0 0 0 0 0 8
27.044 69.1863 0 0 0 0 0 0 0 8
27.0348 69.1303 0 0 0 0 0 0 0 8
27.0257 69.0743 0 0 0 0 0 0 0 8
27.0168 69.0183 0 0 0 0 0 0 0 8
27.008 68.9622 0 0 0 0 0 0 0 8
26.9993 68.9062 0 0 0 0 0 0 0 8
26.9908 68.8501 0 0 0 0 0 0 0 8
26.9824 68.794 0 0 0 0 0 0 0 8
26.9742 68.7378 0 0 0 0 0 0 0 8
26.9661 68.6817 0 0 0 0 0 0 0 8
26.9582 68.6255 0 0 0 0 0 0 0 8
26.9503 68.5693 0 0 0 0 0 0 0 8
26.9427 68.5131 0 0 0 0 0 0 0 8
26.9351 68.4568 0 0 0 0 0 0 0 8
26.9277 68.4006 0 0 0 0 0 0 0 8
15.1593 5.55397 0 0 0 0 0 0 0 9
15.1684 5.54995 0 0 0 0 0 0 0 9
15.1775 5.54596 0 0 0 0 0 0 0 9
15.1866 5.54199 0 0 0 0 0 0 0 9
15.1958 5.53805 0 0 0 0 0 0 0 9
15.2049 5.53414 0 0 0 0 0 0 0 9
15.2141 5.53026 0 0 0 0 0 0 0 9
15.2232 5.52641 0 0 0 0 0 0 0 9
15.2324 5.52258 0 0 0 0 0 0 0 9
15.2416 5.51879 0 0 0 0 0 0 0 9
15.2508 5.51502 0 0 0 0 0 0 0 9
15.26 5.51128 0 0 0 0 0 0 0 9
15.2692 5.50757 0 0 0 0 0 0 0 9
15.2785 5.50389 0 0 0 0 0 0 0 9
15.2877 5.50023 0 0 0 0 0 0 0 9
15.297 5.49661 0 0 0 0 0 0 0 9
15.3062 5.49301 0 0 0 0 0 0 0 9
15.3155 5.48944 0 0 0 0 0 0 0 9
15.3248 5.4859 0 0 0 0 0 0 0 9
15.3341 5.48239 0 0 0 0 0 0 0 9
15.3434 5.4789 0 0 0 0 0 0 0 9
