11.4786 21.7046 1.98821 9.5565 4.2034 4.68353 0.690394 0.901809 3 3
-20.2259 -16.1533 2.94422 9.46834 4.11004 4.69557 -3.08101 0.889946 3 4
-18.3451 17.5716 1.67942 9.01337 4.13704 4.68979 -2.99651 0.945379 3 5
-19.326 10.9579 1.92437 9.62592 3.99451 4.53346 -3.03133 0.92238 3 6
-19.978 -2.00475 2.36308 9.29265 3.9784 4.51153 -3.11167 0.837043 3 7
26.8948 69.9114 4.20954 8.55483 3.62915 4.4182 -2.80206 0.452415 3 8
15.1049 5.73289 2.65553 11.5359 4.16891 5.1528 -2.97179 0.834127 8 9
11.4786 21.7046 0 0 0 0 0 0 0 3
11.4973 21.6556 0 0 0 0 0 0 0 3
11.5163 21.6067 0 0 0 0 0 0 0 3
11.5355 21.5579 0 0 0 0 0 0 0 3
11.5549 21.5091 0 0 0 0 0 0 0 3
11.5746 21.4605 0 0 0 0 0 0 0 3
11.5945 21.412 0 0 0 0 0 0 0 3
11.6147 21.3635 0 0 0 0 0 0 0 3
11.6351 21.3152 0 0 0 0 0 0 0 3
11.6557 21.2669 0 0 0 0 0 0 0 3
11.6765 21.2188 0 0 0 0 0 0 0 3
11.6976 21.1707 0 0 0 0 0 0 0 3
11.7189 21.1228 0 0 0 0 0 0 0 3
11.7405 21.075 0 0 0 0 0 0 0 3
11.7622 21.0272 0 0 0 0 0 0 0 3
11.7842 20.9796 0 0 0 0 0 0 0 3
11.8064 20.9321 0 0 0 0 0 0 0 3
11.8289 20.8847 0 0 0 0 0 0 0 3
11.8516 20.8373 0 0 0 0 0 0 0 3
11.8745 20.7902 0 0 0 0 0 0 0 3
11.8976 20.7431 0 0 0 0 0 0 0 3
-20.2259 -16.1533 0 0 0 0 0 0 0 4
-20.2323 -16.186 0 0 0 0 0 0 0 4
-20.2386 -16.2187 0 0 0 0 0 0 0 4
-20.2448 -16.2515 0 0 0 0 0 0 0 4
-20.2509 -16.2842 0 0 0 0 0 0 0 4
-20.257 -16.317 0 0 0 0 0 0 0 4
-20.263 -16.3498 0 0 0 0 0 0 0 4
-20.269 -16.3826 0 0 0 0 0 0 0 4
-20.2748 -16.4154 0 0 0 0 0 0 0 4
-20.2806 -16.4482 0 0 0 0 0 0 0 4
-20.2864 -16.4811 0 0 0 0 0 0 0 4
-20.292 -16.5139 0 0 0 0 0 0 0 4
-20.2976 -16.5468 0 0 0 0 0 0 0 4
-20.3032 -16.5796 0 0 0 0 0 0 0 4
-20.3086 -16.6125 0 0 0 0 0 0 0 4
-20.314 -16.6454 0 0 0 0 0 0 0 4
-20.3193 -16.6783 0 0 0 0 0 0 0 4
-20.3246 -16.7112 0 0 0 0 0 0 0 4
-20.3298 -16.7441 0 0 0 0 0 0 0 4
-20.3349 -16.7771 0 0 0 0 0 0 0 4
-20.3399 -16.81 0 0 0 0 0 0 0 4
-18.3451 17.5716 0 0 0 0 0 0 0 5
-18.3222 17.5334 0 0 0 0 0 0 0 5
-18.2992 17.4954 0 0 0 0 0 0 0 5
-18.276 17.4575 0 0 0 0 0 0 0 5
-18.2525 17.4197 0 0 0 0 0 0 0 5
-18.2289 17.3821 0 0 0 0 0 0 0 5
-18.2051 17.3445 0 0 0 0 0 0 0 5
-18.1811 17.3071 0 0 0 0 0 0 0 5
-18.1568 17.2698 0 0 0 0 0 0 0 5
-18.1324 17.2327 0 0 0 0 0 0 0 5
-18.1078 17.1957 0 0 0 0 0 0 0 5
-18.083 17.1588 0 0 0 0 0 0 0 5
-18.058 17.122 0 0 0 0 0 0 0 5
-18.0328 17.0854 0 0 0 0 0 0 0 5
-18.0074 17.0489 0 0 0 0 0 0 0 5
-17.9818 17.0126 0 0 0 0 0 0 0 5
-17.9561 16.9763 0 0 0 0 0 0 0 5
-17.9301 16.9403 0 0 0 0 0 0 0 5
-17.9039 16.9043 0 0 0 0 0 0 0 5
-17.8776 16.8685 0 0 0 0 0 0 0 5
-17.8511 16.8328 0 0 0 0 0 0 0 5
-19.326 10.9579 0 0 0 0 0 0 0 6
-19.3176 10.9269 0 0 0 0 0 0 0 6
-19.3091 10.8959 0 0 0 0 0 0 0 6
-19.3005 10.865 0 0 0 0 0 0 0 6
-19.2916 10.8341 0 0 0 0 0 0 0 6
-19.2826 10.8033 0 0 0 0 0 0 0 6
-19.2735 10.7726 0 0 0 0 0 0 0 6
-19.2641 10.7419 0 0 0 0 0 0 0 6
-19.2546 10.7112 0 0 0 0 0 0 0 6
-19.245 10.6806 0 0 0 0 0 0 0 6
-19.2351 10.65 0 0 0 0 0 0 0 6
-19.2251 10.6195 0 0 0 0 0 0 0 6
-19.215 10.5891 0 0 0 0 0 0 0 6
-19.2046 10.5587 0 0 0 0 0 0 0 6
-19.1942 10.5284 0 0 0 0 0 0 0 6
-19.1835 10.4981 0 0 0 0 0 0 0 6
-19.1727 10.4679 0 0 0 0 0 0 0 6
-19.1617 10.4377 0 0 0 0 0 0 0 6
-19.1505 10.4076 0 0 0 0 0 0 0 6
-19.1392 10.3776 0 0 0 0 0 0 0 6
-19.1277 10.3476 0 0 0 0 0 0 0 6
-19.978 -2.00475 0 0 0 0 0 0 0 7
-20.0744 -2.03038 0 0 0 0 0 0 0 7
-20.1707 -2.05638 0 0 0 0 0 0 0 7
-20.2669 -2.08276 0 0 0 0 0 0 0 7
-20.3629 -2.10952 0 0 0 0 0 0 0 7
-20.4589 -2.13665 0 0 0 0 0 0 0 7
-20.5548 -2.16416 0 0 0 0 0 0 0 7
-20.6505 -2.19204 0 0 0 0 0 0 0 7
-20.7461 -2.2203 0 0 0 0 0 0 0 7
-20.8417 -2.24893 0 0 0 0 0 0 0 7
-20.9371 -2.27793 0 0 0 0 0 0 0 7
-21.0324 -2.30731 0 0 0 0 0 0 0 7
-21.1276 -2.33706 0 0 0 0 0 0 0 7
-21.2227 -2.36718 0 0 0 0 0 0 0 7
-21.3176 -2.39767 0 0 0 0 0 0 0 7
-21.4124 -2.42854 0 0 0 0 0 0 0 7
-21.5072 -2.45977 0 0 0 0 0 0 0 7
-21.6017 -2.49138 0 0 0 0 0 0 0 7
-21.6962 -2.52335 0 0 0 0 0 0 0 7
-21.7905 -2.55569 0 0 0 0 0 0 0 7
-21.8848 -2.58841 0 0 0 0 0 0 0 7
26.8948 69.9114 0 0 0 0 0 0 0 8
26.8874 69.8389 0 0 0 0 0 0 0 8
26.8803 69.7664 0 0 0 0 0 0 0 8
26.8735 69.6939 0 0 0 0 0 0 0 8
26.8671 69.6213 0 0 0 0 0 0 0 8
26.861 69.5487 0 0 0 0 0 0 0 8
26.8552 69.4761 0 0 0 0 0 0 0 8
26.8498 69.4035 0 0 0 0 0 0 0 8
26.8446 69.3308 0 0 0 0 0 0 0 8
26.8398 69.2582 0 0 0 0 0 0 0 8
26.8354 69.1855 0 0 0 0 0 0 0 8
26.8312 69.1127 0 0 0 0 0 0 0 8
26.8274 69.04 0 0 0 0 0 0 0 8
26.8239 68.9672 0 0 0 0 0 0 0 8
26.8207 68.8945 0 0 0 0 0 0 0 8
26.8179 68.8217 0 0 0 0 0 0 0 8
26.8154 68.7489 0 0 0 0 0 0 0 8
26.8132 68.6761 0 0 0 0 0 0 0 8
26.8114 68.6033 0 0 0 0 0 0 0 8
26.8098 68.5305 0 0 0 0 0 0 0 8
26.8086 68.4576 0 0 0 0 0 0 0 8
15.1049 5.73289 0 0 0 0 0 0 0 9
15.0894 5.67412 0 0 0 0 0 0 0 9
15.0743 5.61526 0 0 0 0 0 0 0 9
15.0596 5.55631 0 0 0 0 0 0 0 9
15.0452 5.49728 0 0 0 0 0 0 0 9
15.0312 5.43815 0 0 0 0 0 0 0 9
15.0175 5.37895 0 0 0 0 0 0 0 9
15.0042 5.31966 0 0 0 0 0 0 0 9
14.9912 5.26029 0 0 0 0 0 0 0 9
14.9786 5.20085 0 0 0 0 0 0 0 9
14.9664 5.14133 0 0 0 0 0 0 0 9
14.9545 5.08174 0 0 0 0 0 0 0 9
14.943 5.02208 0 0 0 0 0 0 0 9
14.9318 4.96234 0 0 0 0 0 0 0 9
14.921 4.90255 0 0 0 0 0 0 0 9
14.9106 4.84268 0 0 0 0 0 0 0 9
14.9005 4.78276 0 0 0 0 0 0 0 9
14.8908 4.72278 0 0 0 0 0 0 0 9
14.8815 4.66274 0 0 0 0 0 0 0 9
14.8725 4.60264 0 0 0 0 0 0 0 9
14.8639 4.54249 0 0 0 0 0 0 0 9
