11.5205 21.4814 2.00514 9.60035 4.21348 4.76417 0.681259 0.906478 3 3
-20.2388 -16.3529 2.90029 9.43345 4.0428 4.67731 3.10708 0.916509 3 4
-18.2838 17.4544 1.61732 8.84706 3.98814 4.84744 -2.99527 0.916911 3 5
-19.3205 10.733 1.91485 9.76277 4.01127 4.40491 -3.02786 0.888472 3 6
-19.6503 -2.15623 2.29838 8.92031 3.89106 4.45071 -3.1052 0.835316 3 7
27.165 69.6974 4.35439 8.45799 3.63786 4.44111 -2.77567 0.515681 3 8
15.1852 5.55867 2.65058 11.3162 4.37716 5.09086 -3.00054 0.827861 8 9
11.5205 21.4814 0 0 0 0 0 0 0 3
11.5184 21.4445 0 0 0 0 0 0 0 3
11.5165 21.4076 0 0 0 0 0 0 0 3
11.5146 21.3706 0 0 0 0 0 0 0 3
11.5129 21.3337 0 0 0 0 0 0 0 3
11.5112 21.2968 0 0 0 0 0 0 0 3
11.5097 21.2598 0 0 0 0 0 0 0 3
11.5083 21.2228 0 0 0 0 0 0 0 3
11.507 21.1859 0 0 0 0 0 0 0 3
11.5058 21.1489 0 0 0 0 0 0 0 3
11.5047 21.112 0 0 0 0 0 0 0 3
11.5037 21.075 0 0 0 0 0 0 0 3
11.5029 21.038 0 0 0 0 0 0 0 3
11.5021 21.001 0 0 0 0 0 0 0 3
11.5015 20.9641 0 0 0 0 0 0 0 3
11.5009 20.9271 0 0 0 0 0 0 0 3
11.5005 20.8901 0 0 0 0 0 0 0 3
11.5002 20.8531 0 0 0 0 0 0 0 3
11.5 20.8161 0 0 0 0 0 0 0 3
11.4999 20.7792 0 0 0 0 0 0 0 3
11.4999 20.7422 0 0 0 0 0 0 0 3
-20.2388 -16.3529 0 0 0 0 0 0 0 4
-20.2422 -16.3737 0 0 0 0 0 0 0 4
-20.2456 -16.3945 0 0 0 0 0 0 0 4
-20.249 -16.4153 0 0 0 0 0 0 0 4
-20.2525 -16.436 0 0 0 0 0 0 0 4
-20.2561 -16.4568 0 0 0 0 0 0 0 4
-20.2597 -16.4776 0 0 0 0 0 0 0 4
-20.2633 -16.4983 0 0 0 0 0 0 0 4
-20.267 -16.5191 0 0 0 0 0 0 0 4
-20.2708 -16.5398 0 0 0 0 0 0 0 4
-20.2746 -16.5606 0 0 0 0 0 0 0 4
-20.2785 -16.5813 0 0 0 0 0 0 0 4
-20.2824 -16.602 0 0 0 0 0 0 0 4
-20.2863 -16.6227 0 0 0 0 0 0 0 4
-20.2904 -16.6434 0 0 0 0 0 0 0 4
-20.2944 -16.664 0 0 0 0 0 0 0 4
-20.2985 -16.6847 0 0 0 0 0 0 0 4
-20.3027 -16.7054 0 0 0 0 0 0 0 4
-20.3069 -16.726 0 0 0 0 0 0 0 4
-20.3112 -16.7467 0 0 0 0 0 0 0 4
-20.3156 -16.7673 0 0 0 0 0 0 0 4
-18.2838 17.4544 0 0 0 0 0 0 0 5
-18.2733 17.4375 0 0 0 0 0 0 0 5
-18.2627 17.4207 0 0 0 0 0 0 0 5
-18.252 17.404 0 0 0 0 0 0 0 5
-18.2413 17.3873 0 0 0 0 0 0 0 5
-18.2305 17.3706 0 0 0 0 0 0 0 5
-18.2196 17.354 0 0 0 0 0 0 0 5
-18.2087 17.3374 0 0 0 0 0 0 0 5
-18.1977 17.3208 0 0 0 0 0 0 0 5
-18.1867 17.3043 0 0 0 0 0 0 0 5
-18.1756 17.2879 0 0 0 0 0 0 0 5
-18.1644 17.2714 0 0 0 0 0 0 0 5
-18.1532 17.255 0 0 0 0 0 0 0 5
-18.1419 17.2387 0 0 0 0 0 0 0 5
-18.1306 17.2224 0 0 0 0 0 0 0 5
-18.1192 17.2061 0 0 0 0 0 0 0 5
-18.1077 17.1899 0 0 0 0 0 0 0 5
-18.0962 17.1737 0 0 0 0 0 0 0 5
-18.0846 17.1576 0 0 0 0 0 0 0 5
-18.0729 17.1415 0 0 0 0 0 0 0 5
-18.0612 17.1255 0 0 0 0 0 0 0 5
-19.3205 10.733 0 0 0 0 0 0 0 6
-19.3224 10.7048 0 0 0 0 0 0 0 6
-19.3241 10.6767 0 0 0 0 0 0 0 6
-19.3258 10.6485 0 0 0 0 0 0 0 6
-19.3273 10.6204 0 0 0 0 0 0 0 6
-19.3287 10.5922 0 0 0 0 0 0 0 6
-19.3301 10.5641 0 0 0 0 0 0 0 6
-19.3313 10.5359 0 0 0 0 0 0 0 6
-19.3324 10.5077 0 0 0 0 0 0 0 6
-19.3334 10.4795 0 0 0 0 0 0 0 6
-19.3342 10.4514 0 0 0 0 0 0 0 6
-19.335 10.4232 0 0 0 0 0 0 0 6
-19.3357 10.395 0 0 0 0 0 0 0 6
-19.3362 10.3668 0 0 0 0 0 0 0 6
-19.3367 10.3386 0 0 0 0 0 0 0 6
-19.337 10.3104 0 0 0 0 0 0 0 6
-19.3372 10.2822 0 0 0 0 0 0 0 6
-19.3373 10.254 0 0 0 0 0 0 0 6
-19.3373 10.2258 0 0 0 0 0 0 0 6
-19.3372 10.1976 0 0 0 0 0 0 0 6
-19.337 10.1695 0 0 0 0 0 0 0 6
-19.6503 -2.15623 0 0 0 0 0 0 0 7
-19.6511 -2.17386 0 0 0 0 0 0 0 7
-19.6517 -2.19148 0 0 0 0 0 0 0 7
-19.6524 -2.20911 0 0 0 0 0 0 0 7
-19.653 -2.22674 0 0 0 0 0 0 0 7
-19.6535 -2.24437 0 0 0 0 0 0 0 7
-19.654 -2.26201 0 0 0 0 0 0 0 7
-19.6544 -2.27964 0 0 0 0 0 0 0 7
-19.6547 -2.29727 0 0 0 0 0 0 0 7
-19.6551 -2.31491 0 0 0 0 0 0 0 7
-19.6553 -2.33255 0 0 0 0 0 0 0 7
-19.6555 -2.35019 0 0 0 0 0 0 0 7
-19.6557 -2.36782 0 0 0 0 0 0 0 7
-19.6558 -2.38546 0 0 0 0 0 0 0 7
-19.6558 -2.4031 0 0 0 0 0 0 0 7
-19.6558 -2.42074 0 0 0 0 0 0 0 7
-19.6558 -2.43838 0 0 0 0 0 0 0 7
-19.6556 -2.45602 0 0 0 0 0 0 0 7
-19.6555 -2.47366 0 0 0 0 0 0 0 7
-19.6553 -2.4913 0 0 0 0 0 0 0 7
-19.655 -2.50893 0 0 0 0 0 0 0 7
27.165 69.6974 0 0 0 0 0 0 0 8
27.1834 69.6664 0 0 0 0 0 0 0 8
27.2019 69.6355 0 0 0 0 0 0 0 8
27.2206 69.6048 0 0 0 0 0 0 0 8
27.2393 69.574 0 0 0 0 0 0 0 8
27.2582 69.5434 0 0 0 0 0 0 0 8
27.2773 69.5128 0 0 0 0 0 0 0 8
27.2964 69.4824 0 0 0 0 0 0 0 8
27.3157 69.452 0 0 0 0 0 0 0 8
27.3351 69.4217 0 0 0 0 0 0 0 8
27.3547 69.3914 0 0 0 0 0 0 0 8
27.3743 69.3613 0 0 0 0 0 0 0 8
27.3941 69.3312 0 0 0 0 0 0 0 8
27.4141 69.3013 0 0 0 0 0 0 0 8
27.4341 69.2714 0 0 0 0 0 0 0 8
27.4543 69.2416 0 0 0 0 0 0 0 8
27.4746 69.2118 0 0 0 0 0 0 0 8
27.4951 69.1822 0 0 0 0 0 0 0 8
27.5156 69.1526 0 0 0 0 0 0 0 8
27.5363 69.1232 0 0 0 0 0 0 0 8
27.5571 69.0938 0 0 0 0 0 0 0 8
15.1852 5.55867 0 0 0 0 0 0 0 9
15.2106 5.54194 0 0 0 0 0 0 0 9
15.2359 5.52529 0 0 0 0 0 0 0 9
15.2614 5.50871 0 0 0 0 0 0 0 9
15.2868 5.49221 0 0 0 0 0 0 0 9
15.3124 5.47578 0 0 0 0 0 0 0 9
15.3379 5.45943 0 0 0 0 0 0 0 9
15.3636 5.44316 0 0 0 0 0 0 0 9
15.3892 5.42696 0 0 0 0 0 0 0 9
15.415 5.41084 0 0 0 0 0 0 0 9
15.4407 5.3948 0 0 0 0 0 0 0 9
15.4665 5.37883 0 0 0 0 0 0 0 9
15.4924 5.36295 0 0 0 0 0 0 0 9
15.5183 5.34713 0 0 0 0 0 0 0 9
15.5443 5.3314 0 0 0 0 0 0 0 9
15.5703 5.31574 0 0 0 0 0 0 0 9
15.5963 5.30017 0 0 0 0 0 0 0 9
15.6224 5.28466 0 0 0 0 0 0 0 9
15.6486 5.26924 0 0 0 0 0 0 0 9
15.6748 5.2539 0 0 0 0 0 0 0 9
15.701 5.23863 0 0 0 0 0 0 0 9
