11.5316 21.4242 2.02212 9.55913 4.23317 4.74104 0.677121 0.925821 3 3
-20.2372 -16.3724 2.89042 9.42269 4.07017 4.66599 -3.05004 0.919549 3 4
-18.2939 17.447 1.58913 8.86956 3.99598 4.86514 -3.00929 0.91426 3 5
-19.2625 10.7137 1.85913 9.60819 3.97385 4.34399 -3.03435 0.864166 3 6
-20.0478 -2.17332 2.31039 9.54841 3.91116 4.57301 -3.10557 0.889969 3 7
27.185 69.6674 4.35195 8.57241 3.66112 4.44975 -2.79049 0.527934 3 8
15.1421 5.51244 2.64466 11.3056 4.28686 5.08071 -2.98806 0.792274 8 9
11.5316 21.4242 0 0 0 0 0 0 0 3
11.5316 21.3895 0 0 0 0 0 0 0 3
11.5317 21.3547 0 0 0 0 0 0 0 3
11.5319 21.32 0 0 0 0 0 0 0 3
11.5322 21.2853 0 0 0 0 0 0 0 3
11.5326 21.2506 0 0 0 0 0 0 0 3
11.533 21.2158 0 0 0 0 0 0 0 3
11.5336 21.1811 0 0 0 0 0 0 0 3
11.5342 21.1464 0 0 0 0 0 0 0 3
11.535 21.1117 0 0 0 0 0 0 0 3
11.5358 21.0769 0 0 0 0 0 0 0 3
11.5367 21.0422 0 0 0 0 0 0 0 3
11.5377 21.0075 0 0 0 0 0 0 0 3
11.5387 20.9728 0 0 0 0 0 0 0 3
11.5399 20.9381 0 0 0 0 0 0 0 3
11.5411 20.9034 0 0 0 0 0 0 0 3
11.5425 20.8687 0 0 0 0 0 0 0 3
11.5439 20.834 0 0 0 0 0 0 0 3
11.5454 20.7993 0 0 0 0 0 0 0 3
11.547 20.7646 0 0 0 0 0 0 0 3
11.5487 20.7299 0 0 0 0 0 0 0 3
-20.2372 -16.3724 0 0 0 0 0 0 0 4
-20.2371 -16.3882 0 0 0 0 0 0 0 4
-20.2369 -16.4041 0 0 0 0 0 0 0 4
-20.2366 -16.42 0 0 0 0 0 0 0 4
-20.2363 -16.4359 0 0 0 0 0 0 0 4
-20.2359 -16.4518 0 0 0 0 0 0 0 4
-20.2355 -16.4677 0 0 0 0 0 0 0 4
-20.2351 -16.4835 0 0 0 0 0 0 0 4
-20.2345 -16.4994 0 0 0 0 0 0 0 4
-20.234 -16.5153 0 0 0 0 0 0 0 4
-20.2333 -16.5312 0 0 0 0 0 0 0 4
-20.2327 -16.5471 0 0 0 0 0 0 0 4
-20.2319 -16.5629 0 0 0 0 0 0 0 4
-20.2312 -16.5788 0 0 0 0 0 0 0 4
-20.2303 -16.5947 0 0 0 0 0 0 0 4
-20.2295 -16.6105 0 0 0 0 0 0 0 4
-20.2285 -16.6264 0 0 0 0 0 0 0 4
-20.2275 -16.6422 0 0 0 0 0 0 0 4
-20.2265 -16.6581 0 0 0 0 0 0 0 4
-20.2254 -16.674 0 0 0 0 0 0 0 4
-20.2243 -16.6898 0 0 0 0 0 0 0 4
-18.2939 17.447 0 0 0 0 0 0 0 5
-18.2883 17.4366 0 0 0 0 0 0 0 5
-18.2828 17.4262 0 0 0 0 0 0 0 5
-18.2771 17.4157 0 0 0 0 0 0 0 5
-18.2715 17.4053 0 0 0 0 0 0 0 5
-18.2658 17.3949 0 0 0 0 0 0 0 5
-18.2601 17.3846 0 0 0 0 0 0 0 5
-18.2544 17.3742 0 0 0 0 0 0 0 5
-18.2487 17.3639 0 0 0 0 0 0 0 5
-18.2429 17.3535 0 0 0 0 0 0 0 5
-18.2371 17.3432 0 0 0 0 0 0 0 5
-18.2312 17.3329 0 0 0 0 0 0 0 5
-18.2254 17.3226 0 0 0 0 0 0 0 5
-18.2195 17.3124 0 0 0 0 0 0 0 5
-18.2136 17.3021 0 0 0 0 0 0 0 5
-18.2076 17.2919 0 0 0 0 0 0 0 5
-18.2016 17.2817 0 0 0 0 0 0 0 5
-18.1956 17.2715 0 0 0 0 0 0 0 5
-18.1896 17.2613 0 0 0 0 0 0 0 5
-18.1835 17.2512 0 0 0 0 0 0 0 5
-18.1774 17.241 0 0 0 0 0 0 0 5
-19.2625 10.7137 0 0 0 0 0 0 0 6
-19.2515 10.6934 0 0 0 0 0 0 0 6
-19.2405 10.6731 0 0 0 0 0 0 0 6
-19.2294 10.6528 0 0 0 0 0 0 0 6
-19.2182 10.6326 0 0 0 0 0 0 0 6
-19.2069 10.6124 0 0 0 0 0 0 0 6
-19.1956 10.5922 0 0 0 0 0 0 0 6
-19.1842 10.5721 0 0 0 0 0 0 0 6
-19.1728 10.5521 0 0 0 0 0 0 0 6
-19.1613 10.532 0 0 0 0 0 0 0 6
-19.1497 10.512 0 0 0 0 0 0 0 6
-19.1381 10.4921 0 0 0 0 0 0 0 6
-19.1263 10.4721 0 0 0 0 0 0 0 6
-19.1146 10.4523 0 0 0 0 0 0 0 6
-19.1027 10.4324 0 0 0 0 0 0 0 6
-19.0908 10.4126 0 0 0 0 0 0 0 6
-19.0789 10.3928 0 0 0 0 0 0 0 6
-19.0668 10.3731 0 0 0 0 0 0 0 6
-19.0547 10.3534 0 0 0 0 0 0 0 6
-19.0426 10.3338 0 0 0 0 0 0 0 6
-19.0304 10.3142 0 0 0 0 0 0 0 6
-20.0478 -2.17332 0 0 0 0 0 0 0 7
-20.1256 -2.18732 0 0 0 0 0 0 0 7
-20.2034 -2.20153 0 0 0 0 0 0 0 7
-20.2812 -2.21596 0 0 0 0 0 0 0 7
-20.3589 -2.2306 0 0 0 0 0 0 0 7
-20.4365 -2.24544 0 0 0 0 0 0 0 7
-20.5142 -2.2605 0 0 0 0 0 0 0 7
-20.5918 -2.27578 0 0 0 0 0 0 0 7
-20.6693 -2.29126 0 0 0 0 0 0 0 7
-20.7468 -2.30695 0 0 0 0 0 0 0 7
-20.8243 -2.32286 0 0 0 0 0 0 0 7
-20.9017 -2.33897 0 0 0 0 0 0 0 7
-20.9791 -2.3553 0 0 0 0 0 0 0 7
-21.0564 -2.37184 0 0 0 0 0 0 0 7
-21.1337 -2.38859 0 0 0 0 0 0 0 7
-21.211 -2.40554 0 0 0 0 0 0 0 7
-21.2882 -2.42271 0 0 0 0 0 0 0 7
-21.3653 -2.44009 0 0 0 0 0 0 0 7
-21.4424 -2.45768 0 0 0 0 0 0 0 7
-21.5195 -2.47548 0 0 0 0 0 0 0 7
-21.5965 -2.49349 0 0 0 0 0 0 0 7
27.185 69.6674 0 0 0 0 0 0 0 8
27.2023 69.6435 0 0 0 0 0 0 0 8
27.2197 69.6197 0 0 0 0 0 0 0 8
27.2372 69.596 0 0 0 0 0 0 0 8
27.2547 69.5723 0 0 0 0 0 0 0 8
27.2723 69.5487 0 0 0 0 0 0 0 8
27.29 69.5252 0 0 0 0 0 0 0 8
27.3078 69.5017 0 0 0 0 0 0 0 8
27.3257 69.4782 0 0 0 0 0 0 0 8
27.3436 69.4548 0 0 0 0 0 0 0 8
27.3616 69.4315 0 0 0 0 0 0 0 8
27.3797 69.4082 0 0 0 0 0 0 0 8
27.3979 69.385 0 0 0 0 0 0 0 8
27.4161 69.3619 0 0 0 0 0 0 0 8
27.4344 69.3388 0 0 0 0 0 0 0 8
27.4528 69.3157 0 0 0 0 0 0 0 8
27.4712 69.2928 0 0 0 0 0 0 0 8
27.4897 69.2698 0 0 0 0 0 0 0 8
27.5083 69.247 0 0 0 0 0 0 0 8
27.527 69.2242 0 0 0 0 0 0 0 8
27.5458 69.2014 0 0 0 0 0 0 0 8
15.1421 5.51244 0 0 0 0 0 0 0 9
15.1483 5.49204 0 0 0 0 0 0 0 9
15.1544 5.47167 0 0 0 0 0 0 0 9
15.1607 5.45132 0 0 0 0 0 0 0 9
15.167 5.43098 0 0 0 0 0 0 0 9
15.1734 5.41067 0 0 0 0 0 0 0 9
15.1799 5.39038 0 0 0 0 0 0 0 9
15.1864 5.37011 0 0 0 0 0 0 0 9
15.193 5.34986 0 0 0 0 0 0 0 9
15.1996 5.32964 0 0 0 0 0 0 0 9
15.2063 5.30943 0 0 0 0 0 0 0 9
15.2131 5.28925 0 0 0 0 0 0 0 9
15.22 5.26909 0 0 0 0 0 0 0 9
15.2269 5.24895 0 0 0 0 0 0 0 9
15.2338 5.22884 0 0 0 0 0 0 0 9
15.2409 5.20874 0 0 0 0 0 0 0 9
15.248 5.18867 0 0 0 0 0 0 0 9
15.2552 5.16863 0 0 0 0 0 0 0 9
15.2624 5.14861 0 0 0 0 0 0 0 9
15.2697 5.12861 0 0 0 0 0 0 0 9
15.2771 5.10863 0 0 0 0 0 0 0 9
