11.575 21.6618 2.01538 9.70308 4.2375 4.70382 0.688145 0.907834 3 3
-20.2108 -16.3095 2.90609 9.40636 4.02533 4.71537 3.11464 0.92441 3 4
-18.3082 17.4726 1.67247 8.86618 4.05418 4.79743 -2.98924 0.925479 3 5
-19.2808 10.8435 1.90796 9.59686 4.02685 4.40607 -3.02347 0.840789 3 6
-19.6304 -2.12852 2.29551 8.86022 3.88758 4.43826 -3.10846 0.835808 3 7
27.1225 69.7539 4.36401 8.53081 3.6507 4.4095 -2.77357 0.490126 3 8
14.8753 5.54117 2.61761 11.1312 4.3218 5.04318 -2.98817 0.824566 8 9
11.575 21.6618 0 0 0 0 0 0 0 3
11.5981 21.6415 0 0 0 0 0 0 0 3
11.6213 21.6213 0 0 0 0 0 0 0 3
11.6446 21.6012 0 0 0 0 0 0 0 3
11.6679 21.5812 0 0 0 0 0 0 0 3
11.6913 21.5613 0 0 0 0 0 0 0 3
11.7148 21.5414 0 0 0 0 0 0 0 3
11.7383 21.5217 0 0 0 0 0 0 0 3
11.762 21.502 0 0 0 0 0 0 0 3
11.7857 21.4824 0 0 0 0 0 0 0 3
11.8094 21.4629 0 0 0 0 0 0 0 3
11.8333 21.4435 0 0 0 0 0 0 0 3
11.8572 21.4242 0 0 0 0 0 0 0 3
11.8812 21.405 0 0 0 0 0 0 0 3
11.9053 21.3859 0 0 0 0 0 0 0 3
11.9294 21.3668 0 0 0 0 0 0 0 3
11.9536 21.3479 0 0 0 0 0 0 0 3
11.9779 21.329 0 0 0 0 0 0 0 3
12.0023 21.3103 0 0 0 0 0 0 0 3
12.0267 21.2916 0 0 0 0 0 0 0 3
12.0512 21.273 0 0 0 0 0 0 0 3
-20.2108 -16.3095 0 0 0 0 0 0 0 4
-20.2093 -16.3422 0 0 0 0 0 0 0 4
-20.2079 -16.375 0 0 0 0 0 0 0 4
-20.2065 -16.4077 0 0 0 0 0 0 0 4
-20.2052 -16.4405 0 0 0 0 0 0 0 4
-20.2041 -16.4733 0 0 0 0 0 0 0 4
-20.203 -16.506 0 0 0 0 0 0 0 4
-20.2019 -16.5388 0 0 0 0 0 0 0 4
-20.201 -16.5716 0 0 0 0 0 0 0 4
-20.2002 -16.6044 0 0 0 0 0 0 0 4
-20.1994 -16.6372 0 0 0 0 0 0 0 4
-20.1987 -16.6699 0 0 0 0 0 0 0 4
-20.1981 -16.7027 0 0 0 0 0 0 0 4
-20.1976 -16.7355 0 0 0 0 0 0 0 4
-20.1971 -16.7683 0 0 0 0 0 0 0 4
-20.1968 -16.8011 0 0 0 0 0 0 0 4
-20.1965 -16.8339 0 0 0 0 0 0 0 4
-20.1963 -16.8667 0 0 0 0 0 0 0 4
-20.1962 -16.8995 0 0 0 0 0 0 0 4
-20.1962 -16.9322 0 0 0 0 0 0 0 4
-20.1962 -16.965 0 0 0 0 0 0 0 4
-18.3082 17.4726 0 0 0 0 0 0 0 5
-18.2932 17.4447 0 0 0 0 0 0 0 5
-18.278 17.4169 0 0 0 0 0 0 0 5
-18.2627 17.3892 0 0 0 0 0 0 0 5
-18.2473 17.3616 0 0 0 0 0 0 0 5
-18.2318 17.3341 0 0 0 0 0 0 0 5
-18.2162 17.3066 0 0 0 0 0 0 0 5
-18.2004 17.2791 0 0 0 0 0 0 0 5
-18.1845 17.2518 0 0 0 0 0 0 0 5
-18.1685 17.2245 0 0 0 0 0 0 0 5
-18.1523 17.1973 0 0 0 0 0 0 0 5
-18.136 17.1702 0 0 0 0 0 0 0 5
-18.1196 17.1432 0 0 0 0 0 0 0 5
-18.1031 17.1162 0 0 0 0 0 0 0 5
-18.0864 17.0893 0 0 0 0 0 0 0 5
-18.0697 17.0625 0 0 0 0 0 0 0 5
-18.0528 17.0357 0 0 0 0 0 0 0 5
-18.0358 17.0091 0 0 0 0 0 0 0 5
-18.0186 16.9825 0 0 0 0 0 0 0 5
-18.0013 16.956 0 0 0 0 0 0 0 5
-17.984 16.9296 0 0 0 0 0 0 0 5
-19.2808 10.8435 0 0 0 0 0 0 0 6
-19.2719 10.8163 0 0 0 0 0 0 0 6
-19.2629 10.7891 0 0 0 0 0 0 0 6
-19.2537 10.762 0 0 0 0 0 0 0 6
-19.2445 10.7349 0 0 0 0 0 0 0 6
-19.235 10.7078 0 0 0 0 0 0 0 6
-19.2255 10.6808 0 0 0 0 0 0 0 6
-19.2158 10.6538 0 0 0 0 0 0 0 6
-19.2061 10.6269 0 0 0 0 0 0 0 6
-19.1961 10.6001 0 0 0 0 0 0 0 6
-19.1861 10.5732 0 0 0 0 0 0 0 6
-19.1759 10.5464 0 0 0 0 0 0 0 6
-19.1656 10.5197 0 0 0 0 0 0 0 6
-19.1552 10.493 0 0 0 0 0 0 0 6
-19.1446 10.4664 0 0 0 0 0 0 0 6
-19.134 10.4398 0 0 0 0 0 0 0 6
-19.1231 10.4133 0 0 0 0 0 0 0 6
-19.1122 10.3868 0 0 0 0 0 0 0 6
-19.1012 10.3604 0 0 0 0 0 0 0 6
-19.09 10.334 0 0 0 0 0 0 0 6
-19.0787 10.3077 0 0 0 0 0 0 0 6
-19.6304 -2.12852 0 0 0 0 0 0 0 7
-19.6231 -2.15777 0 0 0 0 0 0 0 7
-19.6158 -2.187 0 0 0 0 0 0 0 7
-19.6084 -2.21621 0 0 0 0 0 0 0 7
-19.601 -2.24539 0 0 0 0 0 0 0 7
-19.5934 -2.27454 0 0 0 0 0 0 0 7
-19.5857 -2.30367 0 0 0 0 0 0 0 7
-19.5779 -2.33278 0 0 0 0 0 0 0 7
-19.57 -2.36185 0 0 0 0 0 0 0 7
-19.562 -2.39091 0 0 0 0 0 0 0 7
-19.554 -2.41993 0 0 0 0 0 0 0 7
-19.5458 -2.44893 0 0 0 0 0 0 0 7
-19.5375 -2.4779 0 0 0 0 0 0 0 7
-19.5292 -2.50685 0 0 0 0 0 0 0 7
-19.5207 -2.53576 0 0 0 0 0 0 0 7
-19.5122 -2.56465 0 0 0 0 0 0 0 7
-19.5035 -2.59351 0 0 0 0 0 0 0 7
-19.4948 -2.62234 0 0 0 0 0 0 0 7
-19.486 -2.65115 0 0 0 0 0 0 0 7
-19.4771 -2.67992 0 0 0 0 0 0 0 7
-19.468 -2.70866 0 0 0 0 0 0 0 7
27.1225 69.7539 0 0 0 0 0 0 0 8
27.1474 69.703 0 0 0 0 0 0 0 8
27.1726 69.6522 0 0 0 0 0 0 0 8
27.198 69.6015 0 0 0 0 0 0 0 8
27.2237 69.551 0 0 0 0 0 0 0 8
27.2496 69.5006 0 0 0 0 0 0 0 8
27.2758 69.4503 0 0 0 0 0 0 0 8
27.3023 69.4002 0 0 0 0 0 0 0 8
27.329 69.3502 0 0 0 0 0 0 0 8
27.3559 69.3003 0 0 0 0 0 0 0 8
27.3831 69.2506 0 0 0 0 0 0 0 8
27.4106 69.201 0 0 0 0 0 0 0 8
27.4383 69.1516 0 0 0 0 0 0 0 8
27.4662 69.1022 0 0 0 0 0 0 0 8
27.4944 69.0531 0 0 0 0 0 0 0 8
27.5228 69.004 0 0 0 0 0 0 0 8
27.5515 68.9551 0 0 0 0 0 0 0 8
27.5804 68.9064 0 0 0 0 0 0 0 8
27.6096 68.8578 0 0 0 0 0 0 0 8
27.639 68.8093 0 0 0 0 0 0 0 8
27.6686 68.761 0 0 0 0 0 0 0 8
14.8753 5.54117 0 0 0 0 0 0 0 9
14.8049 5.4909 0 0 0 0 0 0 0 9
14.7346 5.44035 0 0 0 0 0 0 0 9
14.6646 5.38952 0 0 0 0 0 0 0 9
14.5948 5.3384 0 0 0 0 0 0 0 9
14.5251 5.287 0 0 0 0 0 0 0 9
14.4557 5.23532 0 0 0 0 0 0 0 9
14.3865 5.18335 0 0 0 0 0 0 0 9
14.3175 5.13111 0 0 0 0 0 0 0 9
14.2488 5.07858 0 0 0 0 0 0 0 9
14.1802 5.02578 0 0 0 0 0 0 0 9
14.1118 4.9727 0 0 0 0 0 0 0 9
14.0437 4.91935 0 0 0 0 0 0 0 9
13.9758 4.86572 0 0 0 0 0 0 0 9
13.9081 4.81181 0 0 0 0 0 0 0 9
13.8406 4.75763 0 0 0 0 0 0 0 9
13.7733 4.70317 0 0 0 0 0 0 0 9
13.7063 4.64845 0 0 0 0 0 0 0 9
13.6395 4.59345 0 0 0 0 0 0 0 9
13.5729 4.53818 0 0 0 0 0 0 0 9
13.5065 4.48264 0 0 0 0 0 0 0 9
