11.5487 21.507 2.0124 9.61461 4.22859 4.74137 0.678998 0.908454 3 3
-20.232 -16.3298 2.92635 9.43451 3.96503 4.7174 3.11212 0.916232 3 4
-18.2994 17.4853 1.62648 8.92024 4.03477 4.81274 -2.99673 0.932847 3 5
-19.3283 10.7525 1.91582 9.70001 4.02871 4.39845 -3.01997 0.878181 3 6
-19.6425 -2.13085 2.30153 8.82462 3.85683 4.39604 -3.11497 0.842492 3 7
27.1406 69.7492 4.3268 8.41958 3.61025 4.41936 -2.77148 0.496115 3 8
15.0913 5.56485 2.64593 11.3356 4.32405 5.06572 -3.00698 0.799566 8 9
11.5487 21.507 0 0 0 0 0 0 0 3
11.5581 21.4511 0 0 0 0 0 0 0 3
11.5676 21.3953 0 0 0 0 0 0 0 3
11.5774 21.3394 0 0 0 0 0 0 0 3
11.5873 21.2836 0 0 0 0 0 0 0 3
11.5973 21.2278 0 0 0 0 0 0 0 3
11.6076 21.1721 0 0 0 0 0 0 0 3
11.618 21.1164 0 0 0 0 0 0 0 3
11.6286 21.0607 0 0 0 0 0 0 0 3
11.6394 21.0051 0 0 0 0 0 0 0 3
11.6504 20.9495 0 0 0 0 0 0 0 3
11.6615 20.8939 0 0 0 0 0 0 0 3
11.6728 20.8383 0 0 0 0 0 0 0 3
11.6842 20.7828 0 0 0 0 0 0 0 3
11.6959 20.7274 0 0 0 0 0 0 0 3
11.7077 20.6719 0 0 0 0 0 0 0 3
11.7197 20.6165 0 0 0 0 0 0 0 3
11.7319 20.5612 0 0 0 0 0 0 0 3
11.7442 20.5059 0 0 0 0 0 0 0 3
11.7567 20.4506 0 0 0 0 0 0 0 3
11.7694 20.3953 0 0 0 0 0 0 0 3
-20.232 -16.3298 0 0 0 0 0 0 0 4
-20.2365 -16.3593 0 0 0 0 0 0 0 4
-20.2412 -16.3888 0 0 0 0 0 0 0 4
-20.2459 -16.4182 0 0 0 0 0 0 0 4
-20.2507 -16.4476 0 0 0 0 0 0 0 4
-20.2556 -16.4771 0 0 0 0 0 0 0 4
-20.2605 -16.5065 0 0 0 0 0 0 0 4
-20.2655 -16.5359 0 0 0 0 0 0 0 4
-20.2706 -16.5653 0 0 0 0 0 0 0 4
-20.2758 -16.5946 0 0 0 0 0 0 0 4
-20.281 -16.624 0 0 0 0 0 0 0 4
-20.2863 -16.6534 0 0 0 0 0 0 0 4
-20.2917 -16.6827 0 0 0 0 0 0 0 4
-20.2971 -16.712 0 0 0 0 0 0 0 4
-20.3027 -16.7413 0 0 0 0 0 0 0 4
-20.3083 -16.7706 0 0 0 0 0 0 0 4
-20.314 -16.7999 0 0 0 0 0 0 0 4
-20.3197 -16.8292 0 0 0 0 0 0 0 4
-20.3255 -16.8584 0 0 0 0 0 0 0 4
-20.3314 -16.8877 0 0 0 0 0 0 0 4
-20.3374 -16.9169 0 0 0 0 0 0 0 4
-18.2994 17.4853 0 0 0 0 0 0 0 5
-18.2862 17.4681 0 0 0 0 0 0 0 5
-18.2728 17.451 0 0 0 0 0 0 0 5
-18.2594 17.4339 0 0 0 0 0 0 0 5
-18.2459 17.4169 0 0 0 0 0 0 0 5
-18.2323 17.3999 0 0 0 0 0 0 0 5
-18.2187 17.383 0 0 0 0 0 0 0 5
-18.205 17.3661 0 0 0 0 0 0 0 5
-18.1913 17.3493 0 0 0 0 0 0 0 5
-18.1774 17.3326 0 0 0 0 0 0 0 5
-18.1635 17.3159 0 0 0 0 0 0 0 5
-18.1496 17.2992 0 0 0 0 0 0 0 5
-18.1356 17.2827 0 0 0 0 0 0 0 5
-18.1215 17.2661 0 0 0 0 0 0 0 5
-18.1073 17.2497 0 0 0 0 0 0 0 5
-18.0931 17.2333 0 0 0 0 0 0 0 5
-18.0788 17.2169 0 0 0 0 0 0 0 5
-18.0644 17.2006 0 0 0 0 0 0 0 5
-18.05 17.1844 0 0 0 0 0 0 0 5
-18.0355 17.1682 0 0 0 0 0 0 0 5
-18.021 17.152 0 0 0 0 0 0 0 5
-19.3283 10.7525 0 0 0 0 0 0 0 6
-19.3342 10.7084 0 0 0 0 0 0 0 6
-19.34 10.6643 0 0 0 0 0 0 0 6
-19.3455 10.6201 0 0 0 0 0 0 0 6
-19.3508 10.576 0 0 0 0 0 0 0 6
-19.356 10.5318 0 0 0 0 0 0 0 6
-19.3609 10.4876 0 0 0 0 0 0 0 6
-19.3656 10.4434 0 0 0 0 0 0 0 6
-19.3701 10.3991 0 0 0 0 0 0 0 6
-19.3744 10.3549 0 0 0 0 0 0 0 6
-19.3785 10.3106 0 0 0 0 0 0 0 6
-19.3823 10.2663 0 0 0 0 0 0 0 6
-19.386 10.2219 0 0 0 0 0 0 0 6
-19.3895 10.1776 0 0 0 0 0 0 0 6
-19.3927 10.1332 0 0 0 0 0 0 0 6
-19.3958 10.0889 0 0 0 0 0 0 0 6
-19.3986 10.0445 0 0 0 0 0 0 0 6
-19.4013 10.0001 0 0 0 0 0 0 0 6
-19.4037 9.95568 0 0 0 0 0 0 0 6
-19.4059 9.91125 0 0 0 0 0 0 0 6
-19.4079 9.86682 0 0 0 0 0 0 0 6
-19.6425 -2.13085 0 0 0 0 0 0 0 7
-19.6405 -2.15297 0 0 0 0 0 0 0 7
-19.6385 -2.17509 0 0 0 0 0 0 0 7
-19.6364 -2.1972 0 0 0 0 0 0 0 7
-19.6342 -2.2193 0 0 0 0 0 0 0 7
-19.632 -2.2414 0 0 0 0 0 0 0 7
-19.6297 -2.26349 0 0 0 0 0 0 0 7
-19.6274 -2.28558 0 0 0 0 0 0 0 7
-19.625 -2.30766 0 0 0 0 0 0 0 7
-19.6225 -2.32973 0 0 0 0 0 0 0 7
-19.62 -2.3518 0 0 0 0 0 0 0 7
-19.6174 -2.37385 0 0 0 0 0 0 0 7
-19.6147 -2.3959 0 0 0 0 0 0 0 7
-19.612 -2.41795 0 0 0 0 0 0 0 7
-19.6092 -2.43998 0 0 0 0 0 0 0 7
-19.6064 -2.46201 0 0 0 0 0 0 0 7
-19.6034 -2.48403 0 0 0 0 0 0 0 7
-19.6005 -2.50604 0 0 0 0 0 0 0 7
-19.5975 -2.52804 0 0 0 0 0 0 0 7
-19.5944 -2.55004 0 0 0 0 0 0 0 7
-19.5912 -2.57202 0 0 0 0 0 0 0 7
27.1406 69.7492 0 0 0 0 0 0 0 8
27.1639 69.7106 0 0 0 0 0 0 0 8
27.1873 69.672 0 0 0 0 0 0 0 8
27.211 69.6337 0 0 0 0 0 0 0 8
27.2348 69.5954 0 0 0 0 0 0 0 8
27.2588 69.5572 0 0 0 0 0 0 0 8
27.283 69.5192 0 0 0 0 0 0 0 8
27.3074 69.4812 0 0 0 0 0 0 0 8
27.332 69.4434 0 0 0 0 0 0 0 8
27.3567 69.4058 0 0 0 0 0 0 0 8
27.3817 69.3682 0 0 0 0 0 0 0 8
27.4068 69.3307 0 0 0 0 0 0 0 8
27.4321 69.2934 0 0 0 0 0 0 0 8
27.4576 69.2562 0 0 0 0 0 0 0 8
27.4832 69.2192 0 0 0 0 0 0 0 8
27.5091 69.1822 0 0 0 0 0 0 0 8
27.5351 69.1454 0 0 0 0 0 0 0 8
27.5613 69.1087 0 0 0 0 0 0 0 8
27.5877 69.0721 0 0 0 0 0 0 0 8
27.6142 69.0357 0 0 0 0 0 0 0 8
27.641 68.9994 0 0 0 0 0 0 0 8
15.0913 5.56485 0 0 0 0 0 0 0 9
15.0961 5.53378 0 0 0 0 0 0 0 9
15.1011 5.50272 0 0 0 0 0 0 0 9
15.1061 5.47167 0 0 0 0 0 0 0 9
15.1112 5.44064 0 0 0 0 0 0 0 9
15.1165 5.40963 0 0 0 0 0 0 0 9
15.1218 5.37863 0 0 0 0 0 0 0 9
15.1272 5.34765 0 0 0 0 0 0 0 9
15.1327 5.31668 0 0 0 0 0 0 0 9
15.1382 5.28573 0 0 0 0 0 0 0 9
15.1439 5.2548 0 0 0 0 0 0 0 9
15.1497 5.22388 0 0 0 0 0 0 0 9
15.1555 5.19298 0 0 0 0 0 0 0 9
15.1615 5.16209 0 0 0 0 0 0 0 9
15.1675 5.13123 0 0 0 0 0 0 0 9
15.1736 5.10038 0 0 0 0 0 0 0 9
15.1798 5.06955 0 0 0 0 0 0 0 9
15.1861 5.03874 0 0 0 0 0 0 0 9
15.1925 5.00794 0 0 0 0 0 0 0 9
15.199 4.97717 0 0 0 0 0 0 0 9
15.2056 4.94642 0 0 0 0 0 0 0 9
