11.526 21.6683 2.00263 9.60855 4.15278 4.71772 0.685721 0.900585 3 3
-20.2266 -16.2616 2.93058 9.45998 4.04236 4.70148 3.11968 0.903768 3 4
-18.326 17.5273 1.663 8.90054 4.04927 4.7793 -2.99489 0.933329 3 5
-19.2961 10.8772 1.91912 9.59978 4.03136 4.47412 -3.02455 0.895182 3 6
-19.5989 -2.06713 2.35757 8.85437 3.90878 4.45745 -3.10914 0.8922 3 7
27.0958 69.8887 4.2907 8.53534 3.64092 4.39655 -2.78463 0.488793 3 8
15.109 5.56326 2.64495 11.4524 4.11245 5.09013 -2.97556 0.814565 8 9
11.526 21.6683 0 0 0 0 0 0 0 3
11.5474 21.6327 0 0 0 0 0 0 0 3
11.5689 21.5972 0 0 0 0 0 0 0 3
11.5906 21.5618 0 0 0 0 0 0 0 3
11.6124 21.5265 0 0 0 0 0 0 0 3
11.6344 21.4913 0 0 0 0 0 0 0 3
11.6565 21.4562 0 0 0 0 0 0 0 3
11.6787 21.4212 0 0 0 0 0 0 0 3
11.7011 21.3862 0 0 0 0 0 0 0 3
11.7236 21.3514 0 0 0 0 0 0 0 3
11.7463 21.3166 0 0 0 0 0 0 0 3
11.7691 21.2819 0 0 0 0 0 0 0 3
11.7921 21.2474 0 0 0 0 0 0 0 3
11.8152 21.2129 0 0 0 0 0 0 0 3
11.8384 21.1785 0 0 0 0 0 0 0 3
11.8617 21.1442 0 0 0 0 0 0 0 3
11.8853 21.11 0 0 0 0 0 0 0 3
11.9089 21.0759 0 0 0 0 0 0 0 3
11.9327 21.0419 0 0 0 0 0 0 0 3
11.9566 21.008 0 0 0 0 0 0 0 3
11.9807 20.9742 0 0 0 0 0 0 0 3
-20.2266 -16.2616 0 0 0 0 0 0 0 4
-20.2338 -16.3017 0 0 0 0 0 0 0 4
-20.2411 -16.3417 0 0 0 0 0 0 0 4
-20.2485 -16.3817 0 0 0 0 0 0 0 4
-20.256 -16.4217 0 0 0 0 0 0 0 4
-20.2636 -16.4617 0 0 0 0 0 0 0 4
-20.2712 -16.5017 0 0 0 0 0 0 0 4
-20.279 -16.5416 0 0 0 0 0 0 0 4
-20.2869 -16.5815 0 0 0 0 0 0 0 4
-20.2949 -16.6214 0 0 0 0 0 0 0 4
-20.303 -16.6613 0 0 0 0 0 0 0 4
-20.3112 -16.7012 0 0 0 0 0 0 0 4
-20.3195 -16.741 0 0 0 0 0 0 0 4
-20.3279 -16.7809 0 0 0 0 0 0 0 4
-20.3364 -16.8207 0 0 0 0 0 0 0 4
-20.3449 -16.8604 0 0 0 0 0 0 0 4
-20.3536 -16.9002 0 0 0 0 0 0 0 4
-20.3624 -16.9399 0 0 0 0 0 0 0 4
-20.3713 -16.9797 0 0 0 0 0 0 0 4
-20.3803 -17.0194 0 0 0 0 0 0 0 4
-20.3894 -17.059 0 0 0 0 0 0 0 4
-18.326 17.5273 0 0 0 0 0 0 0 5
-18.3082 17.4979 0 0 0 0 0 0 0 5
-18.2903 17.4687 0 0 0 0 0 0 0 5
-18.2722 17.4395 0 0 0 0 0 0 0 5
-18.254 17.4104 0 0 0 0 0 0 0 5
-18.2357 17.3814 0 0 0 0 0 0 0 5
-18.2172 17.3525 0 0 0 0 0 0 0 5
-18.1986 17.3237 0 0 0 0 0 0 0 5
-18.1798 17.2949 0 0 0 0 0 0 0 5
-18.1609 17.2663 0 0 0 0 0 0 0 5
-18.1419 17.2378 0 0 0 0 0 0 0 5
-18.1227 17.2093 0 0 0 0 0 0 0 5
-18.1034 17.1809 0 0 0 0 0 0 0 5
-18.0839 17.1527 0 0 0 0 0 0 0 5
-18.0643 17.1245 0 0 0 0 0 0 0 5
-18.0446 17.0964 0 0 0 0 0 0 0 5
-18.0248 17.0684 0 0 0 0 0 0 0 5
-18.0048 17.0405 0 0 0 0 0 0 0 5
-17.9847 17.0127 0 0 0 0 0 0 0 5
-17.9644 16.985 0 0 0 0 0 0 0 5
-17.944 16.9574 0 0 0 0 0 0 0 5
-19.2961 10.8772 0 0 0 0 0 0 0 6
-19.2855 10.8409 0 0 0 0 0 0 0 6
-19.2748 10.8047 0 0 0 0 0 0 0 6
-19.2639 10.7685 0 0 0 0 0 0 0 6
-19.2528 10.7324 0 0 0 0 0 0 0 6
-19.2415 10.6963 0 0 0 0 0 0 0 6
-19.2301 10.6603 0 0 0 0 0 0 0 6
-19.2184 10.6243 0 0 0 0 0 0 0 6
-19.2066 10.5884 0 0 0 0 0 0 0 6
-19.1946 10.5526 0 0 0 0 0 0 0 6
-19.1823 10.5168 0 0 0 0 0 0 0 6
-19.1699 10.4811 0 0 0 0 0 0 0 6
-19.1574 10.4455 0 0 0 0 0 0 0 6
-19.1446 10.4099 0 0 0 0 0 0 0 6
-19.1316 10.3744 0 0 0 0 0 0 0 6
-19.1185 10.3389 0 0 0 0 0 0 0 6
-19.1052 10.3036 0 0 0 0 0 0 0 6
-19.0916 10.2683 0 0 0 0 0 0 0 6
-19.078 10.233 0 0 0 0 0 0 0 6
-19.0641 10.1979 0 0 0 0 0 0 0 6
-19.05 10.1628 0 0 0 0 0 0 0 6
-19.5989 -2.06713 0 0 0 0 0 0 0 7
-19.5746 -2.09587 0 0 0 0 0 0 0 7
-19.5503 -2.12451 0 0 0 0 0 0 0 7
-19.5258 -2.15307 0 0 0 0 0 0 0 7
-19.5013 -2.18154 0 0 0 0 0 0 0 7
-19.4766 -2.20992 0 0 0 0 0 0 0 7
-19.4518 -2.23821 0 0 0 0 0 0 0 7
-19.427 -2.26641 0 0 0 0 0 0 0 7
-19.402 -2.29452 0 0 0 0 0 0 0 7
-19.3769 -2.32254 0 0 0 0 0 0 0 7
-19.3517 -2.35047 0 0 0 0 0 0 0 7
-19.3265 -2.37831 0 0 0 0 0 0 0 7
-19.3011 -2.40605 0 0 0 0 0 0 0 7
-19.2756 -2.43371 0 0 0 0 0 0 0 7
-19.25 -2.46127 0 0 0 0 0 0 0 7
-19.2244 -2.48873 0 0 0 0 0 0 0 7
-19.1986 -2.51611 0 0 0 0 0 0 0 7
-19.1727 -2.54339 0 0 0 0 0 0 0 7
-19.1467 -2.57058 0 0 0 0 0 0 0 7
-19.1207 -2.59767 0 0 0 0 0 0 0 7
-19.0945 -2.62466 0 0 0 0 0 0 0 7
27.0958 69.8887 0 0 0 0 0 0 0 8
27.1338 69.845 0 0 0 0 0 0 0 8
27.1721 69.8016 0 0 0 0 0 0 0 8
27.2107 69.7583 0 0 0 0 0 0 0 8
27.2494 69.7152 0 0 0 0 0 0 0 8
27.2883 69.6723 0 0 0 0 0 0 0 8
27.3275 69.6296 0 0 0 0 0 0 0 8
27.3669 69.5871 0 0 0 0 0 0 0 8
27.4065 69.5448 0 0 0 0 0 0 0 8
27.4462 69.5027 0 0 0 0 0 0 0 8
27.4862 69.4608 0 0 0 0 0 0 0 8
27.5264 69.419 0 0 0 0 0 0 0 8
27.5669 69.3775 0 0 0 0 0 0 0 8
27.6075 69.3362 0 0 0 0 0 0 0 8
27.6483 69.2951 0 0 0 0 0 0 0 8
27.6893 69.2542 0 0 0 0 0 0 0 8
27.7305 69.2135 0 0 0 0 0 0 0 8
27.772 69.173 0 0 0 0 0 0 0 8
27.8136 69.1327 0 0 0 0 0 0 0 8
27.8554 69.0926 0 0 0 0 0 0 0 8
27.8974 69.0527 0 0 0 0 0 0 0 8
15.109 5.56326 0 0 0 0 0 0 0 9
15.0994 5.49189 0 0 0 0 0 0 0 9
15.0903 5.42047 0 0 0 0 0 0 0 9
15.0815 5.34901 0 0 0 0 0 0 0 9
15.0731 5.2775 0 0 0 0 0 0 0 9
15.065 5.20594 0 0 0 0 0 0 0 9
15.0573 5.13435 0 0 0 0 0 0 0 9
15.05 5.06272 0 0 0 0 0 0 0 9
15.0431 4.99105 0 0 0 0 0 0 0 9
15.0366 4.91934 0 0 0 0 0 0 0 9
15.0304 4.8476 0 0 0 0 0 0 0 9
15.0245 4.77584 0 0 0 0 0 0 0 9
15.0191 4.70404 0 0 0 0 0 0 0 9
15.014 4.63221 0 0 0 0 0 0 0 9
15.0093 4.56036 0 0 0 0 0 0 0 9
15.005 4.48849 0 0 0 0 0 0 0 9
15.0011 4.41659 0 0 0 0 0 0 0 9
14.9975 4.34468 0 0 0 0 0 0 0 9
14.9943 4.27274 0 0 0 0 0 0 0 9
14.9914 4.20079 0 0 0 0 0 0 0 9
14.989 4.12883 0 0 0 0 0 0 0 9
