11.5446 21.4758 2.0113 9.56805 4.20879 4.72286 0.678799 0.917807 3 3
-20.233 -16.3618 2.90024 9.41907 4.06406 4.65645 3.10456 0.918777 3 4
-18.3214 17.4462 1.60376 8.91033 3.97951 4.87311 -3.00766 0.91194 3 5
-19.2738 10.7318 1.86366 9.66504 3.99084 4.35057 -3.03081 0.851979 3 6
-20.047 -2.15493 2.32781 9.37385 3.90979 4.53464 -3.09909 0.890229 3 7
27.1307 69.6824 4.35459 8.46011 3.68773 4.51789 -2.77989 0.524812 3 8
15.1332 5.54705 2.62506 11.3141 4.28197 5.05451 -2.99417 0.804367 8 9
11.5446 21.4758 0 0 0 0 0 0 0 3
11.5494 21.4471 0 0 0 0 0 0 0 3
11.5543 21.4185 0 0 0 0 0 0 0 3
11.5593 21.3898 0 0 0 0 0 0 0 3
11.5644 21.3612 0 0 0 0 0 0 0 3
11.5695 21.3325 0 0 0 0 0 0 0 3
11.5747 21.3039 0 0 0 0 0 0 0 3
11.58 21.2753 0 0 0 0 0 0 0 3
11.5853 21.2468 0 0 0 0 0 0 0 3
11.5908 21.2182 0 0 0 0 0 0 0 3
11.5963 21.1896 0 0 0 0 0 0 0 3
11.6019 21.1611 0 0 0 0 0 0 0 3
11.6076 21.1326 0 0 0 0 0 0 0 3
11.6133 21.1041 0 0 0 0 0 0 0 3
11.6192 21.0756 0 0 0 0 0 0 0 3
11.6251 21.0471 0 0 0 0 0 0 0 3
11.631 21.0187 0 0 0 0 0 0 0 3
11.6371 20.9902 0 0 0 0 0 0 0 3
11.6432 20.9618 0 0 0 0 0 0 0 3
11.6495 20.9334 0 0 0 0 0 0 0 3
11.6557 20.905 0 0 0 0 0 0 0 3
-20.233 -16.3618 0 0 0 0 0 0 0 4
-20.234 -16.3795 0 0 0 0 0 0 0 4
-20.235 -16.3971 0 0 0 0 0 0 0 4
-20.2361 -16.4148 0 0 0 0 0 0 0 4
-20.2372 -16.4324 0 0 0 0 0 0 0 4
-20.2383 -16.4501 0 0 0 0 0 0 0 4
-20.2395 -16.4677 0 0 0 0 0 0 0 4
-20.2408 -16.4853 0 0 0 0 0 0 0 4
-20.242 -16.503 0 0 0 0 0 0 0 4
-20.2434 -16.5206 0 0 0 0 0 0 0 4
-20.2447 -16.5382 0 0 0 0 0 0 0 4
-20.2461 -16.5559 0 0 0 0 0 0 0 4
-20.2476 -16.5735 0 0 0 0 0 0 0 4
-20.2491 -16.5911 0 0 0 0 0 0 0 4
-20.2507 -16.6087 0 0 0 0 0 0 0 4
-20.2522 -16.6263 0 0 0 0 0 0 0 4
-20.2539 -16.6439 0 0 0 0 0 0 0 4
-20.2556 -16.6616 0 0 0 0 0 0 0 4
-20.2573 -16.6792 0 0 0 0 0 0 0 4
-20.2591 -16.6967 0 0 0 0 0 0 0 4
-20.2609 -16.7143 0 0 0 0 0 0 0 4
-18.3214 17.4462 0 0 0 0 0 0 0 5
-18.3238 17.4317 0 0 0 0 0 0 0 5
-18.3261 17.4173 0 0 0 0 0 0 0 5
-18.3284 17.4028 0 0 0 0 0 0 0 5
-18.3306 17.3883 0 0 0 0 0 0 0 5
-18.3328 17.3738 0 0 0 0 0 0 0 5
-18.3349 17.3593 0 0 0 0 0 0 0 5
-18.337 17.3448 0 0 0 0 0 0 0 5
-18.3391 17.3303 0 0 0 0 0 0 0 5
-18.3411 17.3158 0 0 0 0 0 0 0 5
-18.3431 17.3013 0 0 0 0 0 0 0 5
-18.345 17.2868 0 0 0 0 0 0 0 5
-18.3469 17.2722 0 0 0 0 0 0 0 5
-18.3487 17.2577 0 0 0 0 0 0 0 5
-18.3505 17.2431 0 0 0 0 0 0 0 5
-18.3523 17.2286 0 0 0 0 0 0 0 5
-18.354 17.214 0 0 0 0 0 0 0 5
-18.3557 17.1995 0 0 0 0 0 0 0 5
-18.3573 17.1849 0 0 0 0 0 0 0 5
-18.3589 17.1703 0 0 0 0 0 0 0 5
-18.3604 17.1558 0 0 0 0 0 0 0 5
-19.2738 10.7318 0 0 0 0 0 0 0 6
-19.2629 10.7107 0 0 0 0 0 0 0 6
-19.2519 10.6896 0 0 0 0 0 0 0 6
-19.2408 10.6686 0 0 0 0 0 0 0 6
-19.2296 10.6477 0 0 0 0 0 0 0 6
-19.2183 10.6267 0 0 0 0 0 0 0 6
-19.207 10.6058 0 0 0 0 0 0 0 6
-19.1956 10.585 0 0 0 0 0 0 0 6
-19.1841 10.5642 0 0 0 0 0 0 0 6
-19.1726 10.5434 0 0 0 0 0 0 0 6
-19.161 10.5227 0 0 0 0 0 0 0 6
-19.1493 10.502 0 0 0 0 0 0 0 6
-19.1375 10.4814 0 0 0 0 0 0 0 6
-19.1257 10.4608 0 0 0 0 0 0 0 6
-19.1137 10.4402 0 0 0 0 0 0 0 6
-19.1017 10.4197 0 0 0 0 0 0 0 6
-19.0897 10.3992 0 0 0 0 0 0 0 6
-19.0775 10.3788 0 0 0 0 0 0 0 6
-19.0653 10.3584 0 0 0 0 0 0 0 6
-19.053 10.3381 0 0 0 0 0 0 0 6
-19.0407 10.3178 0 0 0 0 0 0 0 6
-20.047 -2.15493 0 0 0 0 0 0 0 7
-20.1524 -2.16791 0 0 0 0 0 0 0 7
-20.2578 -2.18123 0 0 0 0 0 0 0 7
-20.3631 -2.19487 0 0 0 0 0 0 0 7
-20.4684 -2.20885 0 0 0 0 0 0 0 7
-20.5737 -2.22315 0 0 0 0 0 0 0 7
-20.6789 -2.23779 0 0 0 0 0 0 0 7
-20.7841 -2.25276 0 0 0 0 0 0 0 7
-20.8892 -2.26806 0 0 0 0 0 0 0 7
-20.9942 -2.28369 0 0 0 0 0 0 0 7
-21.0993 -2.29966 0 0 0 0 0 0 0 7
-21.2042 -2.31595 0 0 0 0 0 0 0 7
-21.3091 -2.33257 0 0 0 0 0 0 0 7
-21.414 -2.34952 0 0 0 0 0 0 0 7
-21.5188 -2.36681 0 0 0 0 0 0 0 7
-21.6236 -2.38442 0 0 0 0 0 0 0 7
-21.7283 -2.40236 0 0 0 0 0 0 0 7
-21.8329 -2.42064 0 0 0 0 0 0 0 7
-21.9375 -2.43924 0 0 0 0 0 0 0 7
-22.042 -2.45817 0 0 0 0 0 0 0 7
-22.1465 -2.47743 0 0 0 0 0 0 0 7
27.1307 69.6824 0 0 0 0 0 0 0 8
27.1351 69.6557 0 0 0 0 0 0 0 8
27.1395 69.6291 0 0 0 0 0 0 0 8
27.1441 69.6024 0 0 0 0 0 0 0 8
27.1488 69.5758 0 0 0 0 0 0 0 8
27.1535 69.5492 0 0 0 0 0 0 0 8
27.1584 69.5226 0 0 0 0 0 0 0 8
27.1634 69.496 0 0 0 0 0 0 0 8
27.1684 69.4695 0 0 0 0 0 0 0 8
27.1736 69.4429 0 0 0 0 0 0 0 8
27.1789 69.4164 0 0 0 0 0 0 0 8
27.1843 69.3899 0 0 0 0 0 0 0 8
27.1897 69.3635 0 0 0 0 0 0 0 8
27.1953 69.337 0 0 0 0 0 0 0 8
27.201 69.3106 0 0 0 0 0 0 0 8
27.2068 69.2842 0 0 0 0 0 0 0 8
27.2127 69.2578 0 0 0 0 0 0 0 8
27.2187 69.2315 0 0 0 0 0 0 0 8
27.2248 69.2051 0 0 0 0 0 0 0 8
27.2309 69.1788 0 0 0 0 0 0 0 8
27.2372 69.1525 0 0 0 0 0 0 0 8
15.1332 5.54705 0 0 0 0 0 0 0 9
15.1381 5.53173 0 0 0 0 0 0 0 9
15.1431 5.51643 0 0 0 0 0 0 0 9
15.1482 5.50114 0 0 0 0 0 0 0 9
15.1533 5.48587 0 0 0 0 0 0 0 9
15.1584 5.47061 0 0 0 0 0 0 0 9
15.1636 5.45537 0 0 0 0 0 0 0 9
15.1688 5.44015 0 0 0 0 0 0 0 9
15.1741 5.42494 0 0 0 0 0 0 0 9
15.1794 5.40975 0 0 0 0 0 0 0 9
15.1848 5.39457 0 0 0 0 0 0 0 9
15.1902 5.37942 0 0 0 0 0 0 0 9
15.1957 5.36428 0 0 0 0 0 0 0 9
15.2012 5.34915 0 0 0 0 0 0 0 9
15.2068 5.33405 0 0 0 0 0 0 0 9
15.2124 5.31896 0 0 0 0 0 0 0 9
15.2181 5.30389 0 0 0 0 0 0 0 9
15.2238 5.28884 0 0 0 0 0 0 0 9
15.2295 5.2738 0 0 0 0 0 0 0 9
15.2353 5.25879 0 0 0 0 0 0 0 9
15.2412 5.24379 0 0 0 0 0 0 0 9
