11.5358 21.3986 2.02086 9.58607 4.18358 4.81011 0.676854 0.928897 3 3
-20.245 -16.4034 2.90644 9.41096 4.08359 4.67214 -3.0374 0.918925 3 4
-18.3474 17.3575 1.64349 9.01778 3.93151 4.85558 -3.00423 0.895579 3 5
-19.2653 10.7112 1.83833 9.62909 3.97581 4.32798 -3.03925 0.861527 3 6
-19.9865 -2.21721 2.29084 9.51834 3.86003 4.59777 -3.10285 0.838122 3 7
27.1824 69.525 4.31276 8.47381 3.60763 4.36423 -2.80067 0.491284 3 8
15.1494 5.49255 2.62724 11.3943 4.28765 5.04618 -2.99025 0.804482 8 9
11.5358 21.3986 0 0 0 0 0 0 0 3
11.5359 21.3731 0 0 0 0 0 0 0 3
11.536 21.3476 0 0 0 0 0 0 0 3
11.5361 21.3221 0 0 0 0 0 0 0 3
11.5363 21.2967 0 0 0 0 0 0 0 3
11.5366 21.2712 0 0 0 0 0 0 0 3
11.537 21.2457 0 0 0 0 0 0 0 3
11.5374 21.2202 0 0 0 0 0 0 0 3
11.5378 21.1947 0 0 0 0 0 0 0 3
11.5383 21.1692 0 0 0 0 0 0 0 3
11.5389 21.1437 0 0 0 0 0 0 0 3
11.5395 21.1183 0 0 0 0 0 0 0 3
11.5402 21.0928 0 0 0 0 0 0 0 3
11.5409 21.0673 0 0 0 0 0 0 0 3
11.5417 21.0418 0 0 0 0 0 0 0 3
11.5426 21.0164 0 0 0 0 0 0 0 3
11.5435 20.9909 0 0 0 0 0 0 0 3
11.5445 20.9654 0 0 0 0 0 0 0 3
11.5455 20.9399 0 0 0 0 0 0 0 3
11.5466 20.9145 0 0 0 0 0 0 0 3
11.5478 20.889 0 0 0 0 0 0 0 3
-20.245 -16.4034 0 0 0 0 0 0 0 4
-20.253 -16.4198 0 0 0 0 0 0 0 4
-20.261 -16.4362 0 0 0 0 0 0 0 4
-20.2689 -16.4527 0 0 0 0 0 0 0 4
-20.2768 -16.4692 0 0 0 0 0 0 0 4
-20.2845 -16.4857 0 0 0 0 0 0 0 4
-20.2923 -16.5022 0 0 0 0 0 0 0 4
-20.2999 -16.5188 0 0 0 0 0 0 0 4
-20.3076 -16.5354 0 0 0 0 0 0 0 4
-20.3151 -16.552 0 0 0 0 0 0 0 4
-20.3226 -16.5687 0 0 0 0 0 0 0 4
-20.33 -16.5854 0 0 0 0 0 0 0 4
-20.3374 -16.6021 0 0 0 0 0 0 0 4
-20.3447 -16.6188 0 0 0 0 0 0 0 4
-20.352 -16.6356 0 0 0 0 0 0 0 4
-20.3592 -16.6523 0 0 0 0 0 0 0 4
-20.3664 -16.6691 0 0 0 0 0 0 0 4
-20.3734 -16.686 0 0 0 0 0 0 0 4
-20.3805 -16.7028 0 0 0 0 0 0 0 4
-20.3874 -16.7197 0 0 0 0 0 0 0 4
-20.3943 -16.7366 0 0 0 0 0 0 0 4
-18.3474 17.3575 0 0 0 0 0 0 0 5
-18.3551 17.3337 0 0 0 0 0 0 0 5
-18.3628 17.3098 0 0 0 0 0 0 0 5
-18.3704 17.286 0 0 0 0 0 0 0 5
-18.3779 17.2621 0 0 0 0 0 0 0 5
-18.3854 17.2382 0 0 0 0 0 0 0 5
-18.3928 17.2143 0 0 0 0 0 0 0 5
-18.4001 17.1904 0 0 0 0 0 0 0 5
-18.4074 17.1665 0 0 0 0 0 0 0 5
-18.4146 17.1425 0 0 0 0 0 0 0 5
-18.4217 17.1185 0 0 0 0 0 0 0 5
-18.4288 17.0945 0 0 0 0 0 0 0 5
-18.4357 17.0705 0 0 0 0 0 0 0 5
-18.4427 17.0464 0 0 0 0 0 0 0 5
-18.4495 17.0224 0 0 0 0 0 0 0 5
-18.4563 16.9983 0 0 0 0 0 0 0 5
-18.4631 16.9742 0 0 0 0 0 0 0 5
-18.4697 16.95 0 0 0 0 0 0 0 5
-18.4763 16.9259 0 0 0 0 0 0 0 5
-18.4829 16.9017 0 0 0 0 0 0 0 5
-18.4893 16.8776 0 0 0 0 0 0 0 5
-19.2653 10.7112 0 0 0 0 0 0 0 6
-19.2602 10.7004 0 0 0 0 0 0 0 6
-19.255 10.6896 0 0 0 0 0 0 0 6
-19.2498 10.6788 0 0 0 0 0 0 0 6
-19.2445 10.668 0 0 0 0 0 0 0 6
-19.2392 10.6573 0 0 0 0 0 0 0 6
-19.2339 10.6465 0 0 0 0 0 0 0 6
-19.2286 10.6358 0 0 0 0 0 0 0 6
-19.2232 10.6251 0 0 0 0 0 0 0 6
-19.2178 10.6144 0 0 0 0 0 0 0 6
-19.2124 10.6037 0 0 0 0 0 0 0 6
-19.2069 10.5931 0 0 0 0 0 0 0 6
-19.2014 10.5824 0 0 0 0 0 0 0 6
-19.1959 10.5718 0 0 0 0 0 0 0 6
-19.1904 10.5612 0 0 0 0 0 0 0 6
-19.1848 10.5506 0 0 0 0 0 0 0 6
-19.1792 10.54 0 0 0 0 0 0 0 6
-19.1735 10.5295 0 0 0 0 0 0 0 6
-19.1679 10.5189 0 0 0 0 0 0 0 6
-19.1622 10.5084 0 0 0 0 0 0 0 6
-19.1565 10.4979 0 0 0 0 0 0 0 6
-19.9865 -2.21721 0 0 0 0 0 0 0 7
-20.0115 -2.23469 0 0 0 0 0 0 0 7
-20.0365 -2.25223 0 0 0 0 0 0 0 7
-20.0614 -2.26984 0 0 0 0 0 0 0 7
-20.0863 -2.28751 0 0 0 0 0 0 0 7
-20.1111 -2.30525 0 0 0 0 0 0 0 7
-20.1359 -2.32305 0 0 0 0 0 0 0 7
-20.1606 -2.34092 0 0 0 0 0 0 0 7
-20.1853 -2.35885 0 0 0 0 0 0 0 7
-20.21 -2.37685 0 0 0 0 0 0 0 7
-20.2346 -2.39491 0 0 0 0 0 0 0 7
-20.2591 -2.41303 0 0 0 0 0 0 0 7
-20.2836 -2.43122 0 0 0 0 0 0 0 7
-20.3081 -2.44947 0 0 0 0 0 0 0 7
-20.3325 -2.46779 0 0 0 0 0 0 0 7
-20.3569 -2.48617 0 0 0 0 0 0 0 7
-20.3812 -2.50461 0 0 0 0 0 0 0 7
-20.4054 -2.52312 0 0 0 0 0 0 0 7
-20.4297 -2.54169 0 0 0 0 0 0 0 7
-20.4538 -2.56032 0 0 0 0 0 0 0 7
-20.4779 -2.57902 0 0 0 0 0 0 0 7
27.1824 69.525 0 0 0 0 0 0 0 8
27.1964 69.4848 0 0 0 0 0 0 0 8
27.2105 69.4447 0 0 0 0 0 0 0 8
27.2247 69.4045 0 0 0 0 0 0 0 8
27.239 69.3644 0 0 0 0 0 0 0 8
27.2535 69.3244 0 0 0 0 0 0 0 8
27.268 69.2843 0 0 0 0 0 0 0 8
27.2826 69.2444 0 0 0 0 0 0 0 8
27.2974 69.2044 0 0 0 0 0 0 0 8
27.3122 69.1645 0 0 0 0 0 0 0 8
27.3271 69.1246 0 0 0 0 0 0 0 8
27.3421 69.0848 0 0 0 0 0 0 0 8
27.3573 69.045 0 0 0 0 0 0 0 8
27.3725 69.0052 0 0 0 0 0 0 0 8
27.3878 68.9655 0 0 0 0 0 0 0 8
27.4033 68.9258 0 0 0 0 0 0 0 8
27.4188 68.8861 0 0 0 0 0 0 0 8
27.4344 68.8465 0 0 0 0 0 0 0 8
27.4502 68.807 0 0 0 0 0 0 0 8
27.466 68.7674 0 0 0 0 0 0 0 8
27.4819 68.7279 0 0 0 0 0 0 0 8
15.1494 5.49255 0 0 0 0 0 0 0 9
15.1534 5.47335 0 0 0 0 0 0 0 9
15.1574 5.45416 0 0 0 0 0 0 0 9
15.1615 5.43498 0 0 0 0 0 0 0 9
15.1656 5.41582 0 0 0 0 0 0 0 9
15.1698 5.39666 0 0 0 0 0 0 0 9
15.1741 5.37752 0 0 0 0 0 0 0 9
15.1784 5.35839 0 0 0 0 0 0 0 9
15.1828 5.33928 0 0 0 0 0 0 0 9
15.1872 5.32017 0 0 0 0 0 0 0 9
15.1917 5.30108 0 0 0 0 0 0 0 9
15.1962 5.28201 0 0 0 0 0 0 0 9
15.2008 5.26294 0 0 0 0 0 0 0 9
15.2055 5.24389 0 0 0 0 0 0 0 9
15.2102 5.22486 0 0 0 0 0 0 0 9
15.2149 5.20583 0 0 0 0 0 0 0 9
15.2198 5.18682 0 0 0 0 0 0 0 9
15.2246 5.16783 0 0 0 0 0 0 0 9
15.2296 5.14885 0 0 0 0 0 0 0 9
15.2345 5.12988 0 0 0 0 0 0 0 9
15.2396 5.11093 0 0 0 0 0 0 0 9
