11.4965 21.6956 1.96956 9.52727 4.17311 4.69312 0.682868 0.910528 3 3
-20.2148 -16.2397 2.90965 9.4329 4.07279 4.70532 3.1222 0.875682 3 4
-18.349 17.5298 1.65544 8.96154 4.11129 4.73684 -3.00416 0.932447 3 5
-19.2967 10.9333 1.92784 9.57876 3.96817 4.49817 -3.02754 0.903464 3 6
-19.6389 -2.03295 2.35644 8.99505 3.91945 4.46767 -3.10977 0.884677 3 7
27.0638 69.8955 4.17816 8.56286 3.60765 4.37105 -2.79702 0.487153 3 8
15.1327 5.65763 2.66246 11.4649 4.13954 5.09299 -2.9726 0.862483 8 9
11.4965 21.6956 0 0 0 0 0 0 0 3
11.5148 21.657 0 0 0 0 0 0 0 3
11.5332 21.6185 0 0 0 0 0 0 0 3
11.5518 21.58 0 0 0 0 0 0 0 3
11.5706 21.5417 0 0 0 0 0 0 0 3
11.5895 21.5034 0 0 0 0 0 0 0 3
11.6086 21.4652 0 0 0 0 0 0 0 3
11.6279 21.4271 0 0 0 0 0 0 0 3
11.6472 21.389 0 0 0 0 0 0 0 3
11.6668 21.351 0 0 0 0 0 0 0 3
11.6865 21.3132 0 0 0 0 0 0 0 3
11.7064 21.2753 0 0 0 0 0 0 0 3
11.7264 21.2376 0 0 0 0 0 0 0 3
11.7466 21.2 0 0 0 0 0 0 0 3
11.7669 21.1624 0 0 0 0 0 0 0 3
11.7874 21.125 0 0 0 0 0 0 0 3
11.808 21.0876 0 0 0 0 0 0 0 3
11.8288 21.0503 0 0 0 0 0 0 0 3
11.8498 21.0131 0 0 0 0 0 0 0 3
11.8709 20.9759 0 0 0 0 0 0 0 3
11.8921 20.9389 0 0 0 0 0 0 0 3
-20.2148 -16.2397 0 0 0 0 0 0 0 4
-20.2202 -16.2863 0 0 0 0 0 0 0 4
-20.2257 -16.3329 0 0 0 0 0 0 0 4
-20.2314 -16.3794 0 0 0 0 0 0 0 4
-20.2371 -16.426 0 0 0 0 0 0 0 4
-20.243 -16.4725 0 0 0 0 0 0 0 4
-20.249 -16.5191 0 0 0 0 0 0 0 4
-20.2551 -16.5656 0 0 0 0 0 0 0 4
-20.2613 -16.6121 0 0 0 0 0 0 0 4
-20.2677 -16.6585 0 0 0 0 0 0 0 4
-20.2741 -16.705 0 0 0 0 0 0 0 4
-20.2807 -16.7515 0 0 0 0 0 0 0 4
-20.2874 -16.7979 0 0 0 0 0 0 0 4
-20.2942 -16.8443 0 0 0 0 0 0 0 4
-20.3012 -16.8907 0 0 0 0 0 0 0 4
-20.3082 -16.9371 0 0 0 0 0 0 0 4
-20.3154 -16.9834 0 0 0 0 0 0 0 4
-20.3226 -17.0298 0 0 0 0 0 0 0 4
-20.33 -17.0761 0 0 0 0 0 0 0 4
-20.3376 -17.1224 0 0 0 0 0 0 0 4
-20.3452 -17.1687 0 0 0 0 0 0 0 4
-18.349 17.5298 0 0 0 0 0 0 0 5
-18.3336 17.4906 0 0 0 0 0 0 0 5
-18.3179 17.4515 0 0 0 0 0 0 0 5
-18.3021 17.4125 0 0 0 0 0 0 0 5
-18.2861 17.3735 0 0 0 0 0 0 0 5
-18.27 17.3347 0 0 0 0 0 0 0 5
-18.2536 17.2959 0 0 0 0 0 0 0 5
-18.2371 17.2571 0 0 0 0 0 0 0 5
-18.2204 17.2185 0 0 0 0 0 0 0 5
-18.2035 17.1799 0 0 0 0 0 0 0 5
-18.1865 17.1414 0 0 0 0 0 0 0 5
-18.1692 17.1029 0 0 0 0 0 0 0 5
-18.1518 17.0646 0 0 0 0 0 0 0 5
-18.1343 17.0263 0 0 0 0 0 0 0 5
-18.1165 16.9881 0 0 0 0 0 0 0 5
-18.0986 16.95 0 0 0 0 0 0 0 5
-18.0805 16.912 0 0 0 0 0 0 0 5
-18.0622 16.8741 0 0 0 0 0 0 0 5
-18.0438 16.8362 0 0 0 0 0 0 0 5
-18.0252 16.7984 0 0 0 0 0 0 0 5
-18.0064 16.7607 0 0 0 0 0 0 0 5
-19.2967 10.9333 0 0 0 0 0 0 0 6
-19.2827 10.904 0 0 0 0 0 0 0 6
-19.2686 10.8749 0 0 0 0 0 0 0 6
-19.2543 10.8457 0 0 0 0 0 0 0 6
-19.2398 10.8167 0 0 0 0 0 0 0 6
-19.2252 10.7877 0 0 0 0 0 0 0 6
-19.2105 10.7588 0 0 0 0 0 0 0 6
-19.1956 10.73 0 0 0 0 0 0 0 6
-19.1805 10.7013 0 0 0 0 0 0 0 6
-19.1653 10.6727 0 0 0 0 0 0 0 6
-19.1499 10.6441 0 0 0 0 0 0 0 6
-19.1344 10.6156 0 0 0 0 0 0 0 6
-19.1187 10.5872 0 0 0 0 0 0 0 6
-19.1029 10.5589 0 0 0 0 0 0 0 6
-19.0869 10.5307 0 0 0 0 0 0 0 6
-19.0708 10.5025 0 0 0 0 0 0 0 6
-19.0546 10.4745 0 0 0 0 0 0 0 6
-19.0381 10.4465 0 0 0 0 0 0 0 6
-19.0216 10.4186 0 0 0 0 0 0 0 6
-19.0048 10.3908 0 0 0 0 0 0 0 6
-18.988 10.3631 0 0 0 0 0 0 0 6
-19.6389 -2.03295 0 0 0 0 0 0 0 7
-19.6203 -2.05972 0 0 0 0 0 0 0 7
-19.6016 -2.08642 0 0 0 0 0 0 0 7
-19.5828 -2.11305 0 0 0 0 0 0 0 7
-19.5639 -2.13961 0 0 0 0 0 0 0 7
-19.5449 -2.1661 0 0 0 0 0 0 0 7
-19.5258 -2.19251 0 0 0 0 0 0 0 7
-19.5066 -2.21885 0 0 0 0 0 0 0 7
-19.4874 -2.24512 0 0 0 0 0 0 0 7
-19.468 -2.27132 0 0 0 0 0 0 0 7
-19.4485 -2.29744 0 0 0 0 0 0 0 7
-19.4289 -2.32349 0 0 0 0 0 0 0 7
-19.4092 -2.34946 0 0 0 0 0 0 0 7
-19.3894 -2.37536 0 0 0 0 0 0 0 7
-19.3695 -2.40118 0 0 0 0 0 0 0 7
-19.3495 -2.42692 0 0 0 0 0 0 0 7
-19.3295 -2.45259 0 0 0 0 0 0 0 7
-19.3093 -2.47819 0 0 0 0 0 0 0 7
-19.289 -2.50371 0 0 0 0 0 0 0 7
-19.2686 -2.52914 0 0 0 0 0 0 0 7
-19.2482 -2.55451 0 0 0 0 0 0 0 7
27.0638 69.8955 0 0 0 0 0 0 0 8
27.1034 69.838 0 0 0 0 0 0 0 8
27.1431 69.7807 0 0 0 0 0 0 0 8
27.1832 69.7235 0 0 0 0 0 0 0 8
27.2234 69.6666 0 0 0 0 0 0 0 8
27.264 69.6098 0 0 0 0 0 0 0 8
27.3048 69.5532 0 0 0 0 0 0 0 8
27.3458 69.4968 0 0 0 0 0 0 0 8
27.3871 69.4406 0 0 0 0 0 0 0 8
27.4287 69.3845 0 0 0 0 0 0 0 8
27.4705 69.3287 0 0 0 0 0 0 0 8
27.5126 69.273 0 0 0 0 0 0 0 8
27.5549 69.2175 0 0 0 0 0 0 0 8
27.5975 69.1622 0 0 0 0 0 0 0 8
27.6403 69.1072 0 0 0 0 0 0 0 8
27.6834 69.0523 0 0 0 0 0 0 0 8
27.7267 68.9976 0 0 0 0 0 0 0 8
27.7703 68.9431 0 0 0 0 0 0 0 8
27.8141 68.8888 0 0 0 0 0 0 0 8
27.8581 68.8347 0 0 0 0 0 0 0 8
27.9024 68.7808 0 0 0 0 0 0 0 8
15.1327 5.65763 0 0 0 0 0 0 0 9
15.1286 5.59445 0 0 0 0 0 0 0 9
15.1249 5.53124 0 0 0 0 0 0 0 9
15.1215 5.46801 0 0 0 0 0 0 0 9
15.1185 5.40476 0 0 0 0 0 0 0 9
15.1158 5.34149 0 0 0 0 0 0 0 9
15.1135 5.27822 0 0 0 0 0 0 0 9
15.1116 5.21493 0 0 0 0 0 0 0 9
15.11 5.15163 0 0 0 0 0 0 0 9
15.1087 5.08832 0 0 0 0 0 0 0 9
15.1079 5.025 0 0 0 0 0 0 0 9
15.1073 4.96169 0 0 0 0 0 0 0 9
15.1072 4.89837 0 0 0 0 0 0 0 9
15.1074 4.83505 0 0 0 0 0 0 0 9
15.108 4.77173 0 0 0 0 0 0 0 9
15.1089 4.70842 0 0 0 0 0 0 0 9
15.1101 4.64511 0 0 0 0 0 0 0 9
15.1118 4.58181 0 0 0 0 0 0 0 9
15.1138 4.51852 0 0 0 0 0 0 0 9
15.1161 4.45525 0 0 0 0 0 0 0 9
15.1188 4.39198 0 0 0 0 0 0 0 9
