11.548 21.6592 1.98398 9.66182 4.21783 4.69111 0.688526 0.873689 3 3
-20.2463 -16.2836 2.90536 9.45216 4.01163 4.73498 3.11716 0.907472 3 4
-18.334 17.4919 1.64851 8.90378 4.06913 4.78565 -2.98493 0.930358 3 5
-19.2829 10.8586 1.93709 9.58968 4.01959 4.4292 -3.02725 0.872817 3 6
-19.6329 -2.10251 2.27443 8.81472 3.85717 4.43081 -3.10962 0.867948 3 7
27.1425 69.7744 4.29533 8.55499 3.65175 4.39604 -2.7805 0.429177 3 8
15.1602 5.63623 2.67117 11.5226 4.2343 5.0642 -3.00112 0.83162 8 9
11.548 21.6592 0 0 0 0 0 0 0 3
11.5697 21.6307 0 0 0 0 0 0 0 3
11.5914 21.6023 0 0 0 0 0 0 0 3
11.6133 21.5739 0 0 0 0 0 0 0 3
11.6353 21.5457 0 0 0 0 0 0 0 3
11.6574 21.5175 0 0 0 0 0 0 0 3
11.6796 21.4895 0 0 0 0 0 0 0 3
11.702 21.4615 0 0 0 0 0 0 0 3
11.7244 21.4336 0 0 0 0 0 0 0 3
11.747 21.4058 0 0 0 0 0 0 0 3
11.7696 21.3781 0 0 0 0 0 0 0 3
11.7924 21.3505 0 0 0 0 0 0 0 3
11.8153 21.323 0 0 0 0 0 0 0 3
11.8383 21.2955 0 0 0 0 0 0 0 3
11.8614 21.2682 0 0 0 0 0 0 0 3
11.8846 21.2409 0 0 0 0 0 0 0 3
11.9079 21.2138 0 0 0 0 0 0 0 3
11.9313 21.1867 0 0 0 0 0 0 0 3
11.9549 21.1597 0 0 0 0 0 0 0 3
11.9785 21.1329 0 0 0 0 0 0 0 3
12.0022 21.1061 0 0 0 0 0 0 0 3
-20.2463 -16.2836 0 0 0 0 0 0 0 4
-20.2568 -16.3188 0 0 0 0 0 0 0 4
-20.2675 -16.3541 0 0 0 0 0 0 0 4
-20.2782 -16.3893 0 0 0 0 0 0 0 4
-20.2891 -16.4245 0 0 0 0 0 0 0 4
-20.3 -16.4596 0 0 0 0 0 0 0 4
-20.311 -16.4947 0 0 0 0 0 0 0 4
-20.3221 -16.5298 0 0 0 0 0 0 0 4
-20.3333 -16.5649 0 0 0 0 0 0 0 4
-20.3446 -16.5999 0 0 0 0 0 0 0 4
-20.356 -16.6349 0 0 0 0 0 0 0 4
-20.3674 -16.6699 0 0 0 0 0 0 0 4
-20.379 -16.7049 0 0 0 0 0 0 0 4
-20.3906 -16.7398 0 0 0 0 0 0 0 4
-20.4023 -16.7747 0 0 0 0 0 0 0 4
-20.4141 -16.8096 0 0 0 0 0 0 0 4
-20.426 -16.8444 0 0 0 0 0 0 0 4
-20.438 -16.8792 0 0 0 0 0 0 0 4
-20.4501 -16.914 0 0 0 0 0 0 0 4
-20.4623 -16.9487 0 0 0 0 0 0 0 4
-20.4745 -16.9834 0 0 0 0 0 0 0 4
-18.334 17.4919 0 0 0 0 0 0 0 5
-18.3227 17.4611 0 0 0 0 0 0 0 5
-18.3113 17.4303 0 0 0 0 0 0 0 5
-18.2998 17.3996 0 0 0 0 0 0 0 5
-18.288 17.369 0 0 0 0 0 0 0 5
-18.2762 17.3384 0 0 0 0 0 0 0 5
-18.2641 17.3079 0 0 0 0 0 0 0 5
-18.2519 17.2774 0 0 0 0 0 0 0 5
-18.2396 17.2471 0 0 0 0 0 0 0 5
-18.2271 17.2167 0 0 0 0 0 0 0 5
-18.2144 17.1865 0 0 0 0 0 0 0 5
-18.2016 17.1563 0 0 0 0 0 0 0 5
-18.1887 17.1261 0 0 0 0 0 0 0 5
-18.1756 17.0961 0 0 0 0 0 0 0 5
-18.1623 17.0661 0 0 0 0 0 0 0 5
-18.1489 17.0361 0 0 0 0 0 0 0 5
-18.1353 17.0063 0 0 0 0 0 0 0 5
-18.1216 16.9765 0 0 0 0 0 0 0 5
-18.1077 16.9468 0 0 0 0 0 0 0 5
-18.0937 16.9171 0 0 0 0 0 0 0 5
-18.0795 16.8875 0 0 0 0 0 0 0 5
-19.2829 10.8586 0 0 0 0 0 0 0 6
-19.2717 10.827 0 0 0 0 0 0 0 6
-19.2604 10.7954 0 0 0 0 0 0 0 6
-19.2489 10.7638 0 0 0 0 0 0 0 6
-19.2373 10.7323 0 0 0 0 0 0 0 6
-19.2255 10.7009 0 0 0 0 0 0 0 6
-19.2136 10.6695 0 0 0 0 0 0 0 6
-19.2015 10.6382 0 0 0 0 0 0 0 6
-19.1893 10.6069 0 0 0 0 0 0 0 6
-19.1769 10.5757 0 0 0 0 0 0 0 6
-19.1644 10.5446 0 0 0 0 0 0 0 6
-19.1517 10.5135 0 0 0 0 0 0 0 6
-19.1389 10.4825 0 0 0 0 0 0 0 6
-19.1259 10.4515 0 0 0 0 0 0 0 6
-19.1128 10.4206 0 0 0 0 0 0 0 6
-19.0995 10.3898 0 0 0 0 0 0 0 6
-19.0861 10.359 0 0 0 0 0 0 0 6
-19.0726 10.3283 0 0 0 0 0 0 0 6
-19.0588 10.2977 0 0 0 0 0 0 0 6
-19.045 10.2671 0 0 0 0 0 0 0 6
-19.031 10.2366 0 0 0 0 0 0 0 6
-19.6329 -2.10251 0 0 0 0 0 0 0 7
-19.624 -2.13295 0 0 0 0 0 0 0 7
-19.6151 -2.16336 0 0 0 0 0 0 0 7
-19.606 -2.19374 0 0 0 0 0 0 0 7
-19.5969 -2.22409 0 0 0 0 0 0 0 7
-19.5876 -2.25441 0 0 0 0 0 0 0 7
-19.5783 -2.28469 0 0 0 0 0 0 0 7
-19.5688 -2.31494 0 0 0 0 0 0 0 7
-19.5592 -2.34516 0 0 0 0 0 0 0 7
-19.5496 -2.37535 0 0 0 0 0 0 0 7
-19.5398 -2.4055 0 0 0 0 0 0 0 7
-19.5299 -2.43562 0 0 0 0 0 0 0 7
-19.5199 -2.46571 0 0 0 0 0 0 0 7
-19.5099 -2.49576 0 0 0 0 0 0 0 7
-19.4997 -2.52578 0 0 0 0 0 0 0 7
-19.4894 -2.55576 0 0 0 0 0 0 0 7
-19.479 -2.58571 0 0 0 0 0 0 0 7
-19.4685 -2.61562 0 0 0 0 0 0 0 7
-19.4579 -2.6455 0 0 0 0 0 0 0 7
-19.4472 -2.67533 0 0 0 0 0 0 0 7
-19.4365 -2.70514 0 0 0 0 0 0 0 7
27.1425 69.7744 0 0 0 0 0 0 0 8
27.1831 69.7122 0 0 0 0 0 0 0 8
27.224 69.6502 0 0 0 0 0 0 0 8
27.2652 69.5884 0 0 0 0 0 0 0 8
27.3066 69.5268 0 0 0 0 0 0 0 8
27.3484 69.4654 0 0 0 0 0 0 0 8
27.3905 69.4043 0 0 0 0 0 0 0 8
27.4329 69.3433 0 0 0 0 0 0 0 8
27.4756 69.2826 0 0 0 0 0 0 0 8
27.5186 69.222 0 0 0 0 0 0 0 8
27.5618 69.1617 0 0 0 0 0 0 0 8
27.6054 69.1016 0 0 0 0 0 0 0 8
27.6493 69.0417 0 0 0 0 0 0 0 8
27.6934 68.982 0 0 0 0 0 0 0 8
27.7379 68.9225 0 0 0 0 0 0 0 8
27.7826 68.8633 0 0 0 0 0 0 0 8
27.8277 68.8042 0 0 0 0 0 0 0 8
27.873 68.7454 0 0 0 0 0 0 0 8
27.9186 68.6868 0 0 0 0 0 0 0 8
27.9645 68.6285 0 0 0 0 0 0 0 8
28.0107 68.5703 0 0 0 0 0 0 0 8
15.1602 5.63623 0 0 0 0 0 0 0 9
15.1661 5.60277 0 0 0 0 0 0 0 9
15.1722 5.56933 0 0 0 0 0 0 0 9
15.1784 5.53592 0 0 0 0 0 0 0 9
15.1847 5.50253 0 0 0 0 0 0 0 9
15.1911 5.46916 0 0 0 0 0 0 0 9
15.1976 5.43581 0 0 0 0 0 0 0 9
15.2043 5.40249 0 0 0 0 0 0 0 9
15.2111 5.36919 0 0 0 0 0 0 0 9
15.218 5.33592 0 0 0 0 0 0 0 9
15.225 5.30267 0 0 0 0 0 0 0 9
15.2321 5.26944 0 0 0 0 0 0 0 9
15.2394 5.23625 0 0 0 0 0 0 0 9
15.2467 5.20307 0 0 0 0 0 0 0 9
15.2542 5.16993 0 0 0 0 0 0 0 9
15.2618 5.13681 0 0 0 0 0 0 0 9
15.2695 5.10372 0 0 0 0 0 0 0 9
15.2774 5.07066 0 0 0 0 0 0 0 9
15.2854 5.03762 0 0 0 0 0 0 0 9
15.2934 5.00462 0 0 0 0 0 0 0 9
15.3016 4.97164 0 0 0 0 0 0 0 9
