11.5462 21.5062 2.0079 9.62805 4.22435 4.76773 0.676772 0.902237 3 3
-20.2473 -16.347 2.91583 9.44689 4.00715 4.70187 3.1096 0.919515 3 4
-18.2876 17.4765 1.62228 8.89196 4.00944 4.84387 -3.00246 0.926603 3 5
-19.3201 10.7401 1.92361 9.76154 4.02698 4.39953 -3.02601 0.879987 3 6
-19.6439 -2.14584 2.30664 8.83423 3.86783 4.42291 -3.11049 0.832567 3 7
27.149 69.697 4.33245 8.47424 3.61675 4.39496 -2.78127 0.412484 3 8
15.1231 5.54696 2.64916 11.3779 4.36038 5.10751 -3.02932 0.776198 8 9
11.5462 21.5062 0 0 0 0 0 0 0 3
11.5524 21.4649 0 0 0 0 0 0 0 3
11.5587 21.4235 0 0 0 0 0 0 0 3
11.5652 21.3822 0 0 0 0 0 0 0 3
11.5717 21.341 0 0 0 0 0 0 0 3
11.5784 21.2997 0 0 0 0 0 0 0 3
11.5852 21.2585 0 0 0 0 0 0 0 3
11.5921 21.2173 0 0 0 0 0 0 0 3
11.5991 21.1761 0 0 0 0 0 0 0 3
11.6063 21.1349 0 0 0 0 0 0 0 3
11.6136 21.0937 0 0 0 0 0 0 0 3
11.621 21.0526 0 0 0 0 0 0 0 3
11.6285 21.0115 0 0 0 0 0 0 0 3
11.6361 20.9704 0 0 0 0 0 0 0 3
11.6438 20.9293 0 0 0 0 0 0 0 3
11.6517 20.8883 0 0 0 0 0 0 0 3
11.6597 20.8473 0 0 0 0 0 0 0 3
11.6678 20.8063 0 0 0 0 0 0 0 3
11.676 20.7653 0 0 0 0 0 0 0 3
11.6843 20.7243 0 0 0 0 0 0 0 3
11.6928 20.6834 0 0 0 0 0 0 0 3
-20.2473 -16.347 0 0 0 0 0 0 0 4
-20.2547 -16.3732 0 0 0 0 0 0 0 4
-20.2623 -16.3993 0 0 0 0 0 0 0 4
-20.2699 -16.4255 0 0 0 0 0 0 0 4
-20.2776 -16.4516 0 0 0 0 0 0 0 4
-20.2853 -16.4778 0 0 0 0 0 0 0 4
-20.2931 -16.5039 0 0 0 0 0 0 0 4
-20.301 -16.5299 0 0 0 0 0 0 0 4
-20.3089 -16.556 0 0 0 0 0 0 0 4
-20.3169 -16.582 0 0 0 0 0 0 0 4
-20.325 -16.6081 0 0 0 0 0 0 0 4
-20.3331 -16.6341 0 0 0 0 0 0 0 4
-20.3413 -16.6601 0 0 0 0 0 0 0 4
-20.3496 -16.686 0 0 0 0 0 0 0 4
-20.3579 -16.712 0 0 0 0 0 0 0 4
-20.3663 -16.7379 0 0 0 0 0 0 0 4
-20.3748 -16.7638 0 0 0 0 0 0 0 4
-20.3833 -16.7896 0 0 0 0 0 0 0 4
-20.3919 -16.8155 0 0 0 0 0 0 0 4
-20.4006 -16.8413 0 0 0 0 0 0 0 4
-20.4093 -16.8671 0 0 0 0 0 0 0 4
-18.2876 17.4765 0 0 0 0 0 0 0 5
-18.2747 17.4614 0 0 0 0 0 0 0 5
-18.2619 17.4464 0 0 0 0 0 0 0 5
-18.2489 17.4314 0 0 0 0 0 0 0 5
-18.2359 17.4165 0 0 0 0 0 0 0 5
-18.2229 17.4016 0 0 0 0 0 0 0 5
-18.2098 17.3868 0 0 0 0 0 0 0 5
-18.1966 17.372 0 0 0 0 0 0 0 5
-18.1834 17.3573 0 0 0 0 0 0 0 5
-18.1702 17.3426 0 0 0 0 0 0 0 5
-18.1569 17.328 0 0 0 0 0 0 0 5
-18.1435 17.3134 0 0 0 0 0 0 0 5
-18.1301 17.2989 0 0 0 0 0 0 0 5
-18.1166 17.2844 0 0 0 0 0 0 0 5
-18.1031 17.2699 0 0 0 0 0 0 0 5
-18.0895 17.2555 0 0 0 0 0 0 0 5
-18.0759 17.2412 0 0 0 0 0 0 0 5
-18.0623 17.2269 0 0 0 0 0 0 0 5
-18.0485 17.2126 0 0 0 0 0 0 0 5
-18.0348 17.1984 0 0 0 0 0 0 0 5
-18.021 17.1843 0 0 0 0 0 0 0 5
-19.3201 10.7401 0 0 0 0 0 0 0 6
-19.3224 10.7044 0 0 0 0 0 0 0 6
-19.3246 10.6688 0 0 0 0 0 0 0 6
-19.3267 10.6331 0 0 0 0 0 0 0 6
-19.3286 10.5974 0 0 0 0 0 0 0 6
-19.3304 10.5616 0 0 0 0 0 0 0 6
-19.332 10.5259 0 0 0 0 0 0 0 6
-19.3335 10.4902 0 0 0 0 0 0 0 6
-19.3348 10.4545 0 0 0 0 0 0 0 6
-19.336 10.4187 0 0 0 0 0 0 0 6
-19.337 10.383 0 0 0 0 0 0 0 6
-19.3378 10.3472 0 0 0 0 0 0 0 6
-19.3386 10.3115 0 0 0 0 0 0 0 6
-19.3391 10.2757 0 0 0 0 0 0 0 6
-19.3396 10.24 0 0 0 0 0 0 0 6
-19.3398 10.2042 0 0 0 0 0 0 0 6
-19.34 10.1685 0 0 0 0 0 0 0 6
-19.34 10.1327 0 0 0 0 0 0 0 6
-19.3398 10.0969 0 0 0 0 0 0 0 6
-19.3395 10.0612 0 0 0 0 0 0 0 6
-19.339 10.0254 0 0 0 0 0 0 0 6
-19.6439 -2.14584 0 0 0 0 0 0 0 7
-19.6428 -2.16607 0 0 0 0 0 0 0 7
-19.6415 -2.1863 0 0 0 0 0 0 0 7
-19.6403 -2.20652 0 0 0 0 0 0 0 7
-19.6389 -2.22674 0 0 0 0 0 0 0 7
-19.6375 -2.24695 0 0 0 0 0 0 0 7
-19.6361 -2.26716 0 0 0 0 0 0 0 7
-19.6345 -2.28737 0 0 0 0 0 0 0 7
-19.633 -2.30757 0 0 0 0 0 0 0 7
-19.6313 -2.32776 0 0 0 0 0 0 0 7
-19.6296 -2.34795 0 0 0 0 0 0 0 7
-19.6279 -2.36814 0 0 0 0 0 0 0 7
-19.6261 -2.38832 0 0 0 0 0 0 0 7
-19.6242 -2.4085 0 0 0 0 0 0 0 7
-19.6223 -2.42867 0 0 0 0 0 0 0 7
-19.6203 -2.44883 0 0 0 0 0 0 0 7
-19.6183 -2.46899 0 0 0 0 0 0 0 7
-19.6161 -2.48914 0 0 0 0 0 0 0 7
-19.614 -2.50929 0 0 0 0 0 0 0 7
-19.6118 -2.52943 0 0 0 0 0 0 0 7
-19.6095 -2.54956 0 0 0 0 0 0 0 7
27.149 69.697 0 0 0 0 0 0 0 8
27.1679 69.6546 0 0 0 0 0 0 0 8
27.187 69.6123 0 0 0 0 0 0 0 8
27.2063 69.5701 0 0 0 0 0 0 0 8
27.2257 69.528 0 0 0 0 0 0 0 8
27.2453 69.4859 0 0 0 0 0 0 0 8
27.2651 69.444 0 0 0 0 0 0 0 8
27.2851 69.4021 0 0 0 0 0 0 0 8
27.3053 69.3603 0 0 0 0 0 0 0 8
27.3256 69.3186 0 0 0 0 0 0 0 8
27.3461 69.2769 0 0 0 0 0 0 0 8
27.3667 69.2354 0 0 0 0 0 0 0 8
27.3876 69.1939 0 0 0 0 0 0 0 8
27.4086 69.1525 0 0 0 0 0 0 0 8
27.4298 69.1113 0 0 0 0 0 0 0 8
27.4511 69.0701 0 0 0 0 0 0 0 8
27.4727 69.029 0 0 0 0 0 0 0 8
27.4944 68.9879 0 0 0 0 0 0 0 8
27.5162 68.947 0 0 0 0 0 0 0 8
27.5383 68.9062 0 0 0 0 0 0 0 8
27.5605 68.8654 0 0 0 0 0 0 0 8
15.1231 5.54696 0 0 0 0 0 0 0 9
15.1346 5.51909 0 0 0 0 0 0 0 9
15.146 5.49123 0 0 0 0 0 0 0 9
15.1575 5.46339 0 0 0 0 0 0 0 9
15.1691 5.43558 0 0 0 0 0 0 0 9
15.1807 5.40778 0 0 0 0 0 0 0 9
15.1923 5.38001 0 0 0 0 0 0 0 9
15.204 5.35225 0 0 0 0 0 0 0 9
15.2158 5.32451 0 0 0 0 0 0 0 9
15.2276 5.2968 0 0 0 0 0 0 0 9
15.2394 5.2691 0 0 0 0 0 0 0 9
15.2513 5.24143 0 0 0 0 0 0 0 9
15.2632 5.21378 0 0 0 0 0 0 0 9
15.2752 5.18614 0 0 0 0 0 0 0 9
15.2873 5.15853 0 0 0 0 0 0 0 9
15.2993 5.13094 0 0 0 0 0 0 0 9
15.3115 5.10337 0 0 0 0 0 0 0 9
15.3236 5.07582 0 0 0 0 0 0 0 9
15.3359 5.04829 0 0 0 0 0 0 0 9
15.3481 5.02079 0 0 0 0 0 0 0 9
15.3605 4.9933 0 0 0 0 0 0 0 9
